536
537
537
534
526
502
471
462
483
511
520
499
483
478
500
524
538
519
488
481
498
529
544
526
493
476
497
534
548
535
502
487
486
514
536
536
506
480
484
512
524
514
486
468
465
507
545
550
530
502
493
516
545
543
518
485
482
511
541
549
517
483
476
493
524
538
524
493
480
480
511
539
534
506
485
493
531
548
538
511
503
519
550
566
550
515
492
496
516
544
549
511
488
496
517
533
524
499
473
470
494
524
533
509
482
481
494
519
528
511
481
467
494
528
537
511
480
469
489
520
539
536
509
503
532
584
647
685
683
657
650
672
667
619
553
479
436
434
462
467
451
443
446
474
498
513
491
459
440
462
505
522
507
483
476
490
513
521
505
476
461
475
512
526
518
495
474
482
511
530
518
483
468
482
520
553
538
505
486
495
529
563
568
537
504
495
519
553
561
536
507
501
525
554
561
541
516
513
534
561
575
556
527
527
533
566
590
578
547
535
551
582
598
590
560
527
529
555
574
573
539
503
497
509
523
507
487
468
462
480
512
507
466
435
431
442
469
485
461
420
417
435
470
482
471
436
424
439
465
480
476
454
456
472
495
512
504
472
446
453
487
510
509
484
455
461
494
521
513
483
461
456
483
520
532
512
480
482
512
534
536
514
481
467
493
533
547
527
499
488
491
507
530
525
496
472
478
506
525
516
486
477
490
515
539
537
509
494
497
524
545
533
498
476
480
506
538
542
512
484
474
487
514
524
512
489
478
495
533
546
516
478
474
493
514
531
523
490
482
492
531
550
532
503
488
496
524
537
529
496
474
480
507
542
544
522
494
487
500
526
529
508
474
470
487
530
543
535
519
497
507
546
557
540
510
493
506
533
544
525
499
487
494
519
534
521
494
482
495
525
547
545
514
487
494
522
548
551
522
494
498
526
550
545
521
497
492
514
532
546
532
495
481
498
526
542
529
499
492
510
536
551
540
517
508
516
538
555
551
519
507
519
542
552
548
522
508
513
537
555
549
523
495
499
527
555
553
522
496
492
513
545
555
531
508
503
524
558
564
533
499
497
517
546
558
543
504
499
525
553
566
550
518
506
518
543
550
535
504
489
500
530
547
546
519
497
496
517
538
537
517
494
492
525
552
551
534
507
496
521
555
565
549
531
541
571
627
685
703
693
679
681
690
671
627
568
515
482
486
495
493
468
451
460
498
520
513
486
467
472
511
541
533
499
470
466
492
525
536
509
472
465
488
519
525
509
483
474
482
509
528
516
484
471
484
512
525
511
480
465
490
529
543
531
497
472
478
499
520
526
502
489
496
521
544
540
521
498
496
520
542
533
511
501
512
538
562
559
542
532
528
537
557
554
538
511
500
516
552
560
541
506
485
484
500
516
502
468
448
452
472
482
470
437
407
400
422
450
451
429
408
411
439
462
467
448
418
410
425
466
486
470
442
423
441
473
487
469
442
440
459
491
506
490
463
455
459
478
490
480
457
457
476
511
535
522
488
465
472
497
524
523
504
478
475
496
519
519
503
489
492
501
527
531
508
475
465
487
513
523
512
488
478
486
508
519
511
487
487
497
525
527
514
486
471
488
521
534
519
491
472
480
502
519
525
508
483
473
497
525
531
503
468
466
497
530
534
505
475
471
495
517
525
514
498
485
502
534
548
519
487
475
486
513
535
533
505
487
491
510
521
505
479
474
498
531
541
527
508
486
486
508
528
530
519
496
492
518
537
540
514
484
479
503
536
545
519
483
475
497
523
535
524
495
477
484
520
535
517
494
491
502
538
550
537
502
469
464
495
531
539
513
492
489
519
547
542
511
483
484
508
536
542
515
487
483
508
536
540
513
486
483
501
530
535
524
500
487
506
545
565
556
525
509
521
551
564
556
528
509
511
535
551
545
522
500
491
511
525
525
505
486
486
506
532
538
513
494
489
514
546
557
527
489
481
499
523
534
522
493
477
495
534
558
562
566
591
631
681
708
687
645
611
573
562
541
502
453
425
430
462
491
496
469
457
455
478
507
519
491
461
461
488
515
519
496
470
465
482
509
521
505
475
466
484
517
540
526
488
465
484
508
526
528
507
494
494
521
533
521
498
485
495
522
544
533
501
481
491
519
540
546
522
497
500
526
552
558
544
518
516
534
556
563
543
512
511
536
567
575
556
527
514
529
558
572
570
541
512
520
553
574
567
532
500
493
505
515
507
478
450
448
474
492
488
459
425
409
424
448
454
433
413
414
452
483
494
475
441
428
445
470
489
484
463
450
465
501
506
496
478
455
458
486
505
502
477
464
470
493
515
517
490
471
474
499
533
536
502
472
473
501
523
528
511
482
469
505
547
555
530
496
486
503
528
534
509
480
471
487
517
527
515
485
468
472
501
518
513
483
473
484
513
537
529
500
477
481
505
523
520
492
468
476
505
532
537
508
477
472
498
520
530
516
485
470
492
521
535
521
485
465
475
516
540
526
491
467
480
527
555
536
492
480
497
523
538
531
500
482
485
512
533
526
503
482
482
507
532
536
517
489
488
511
527
528
517
494
495
517
544
547
523
502
489
502
530
544
526
488
473
487
519
528
519
502
488
500
533
548
538
507
489
490
523
546
541
511
487
483
508
535
537
514
492
486
504
540
550
520
484
478
497
527
542
525
497
479
489
507
516
514
493
483
496
528
549
538
509
488
499
513
528
530
505
484
493
523
543
540
506
472
472
508
541
535
504
476
465
489
525
534
522
498
493
504
523
542
527
500
492
511
538
544
522
490
472
488
514
531
522
489
471
482
522
544
536
506
481
490
522
550
546
516
493
494
521
553
560
532
506
506
525
545
546
528
504
494
506
529
539
517
492
479
489
527
540
526
502
492
503
530
540
521
491
481
496
532
546
528
490
483
505
546
578
609
626
638
654
673
690
685
627
563
522
502
486
459
429
409
421
465
503
518
497
458
441
451
487
524
513
476
472
492
522
535
520
485
467
479
512
530
523
496
478
485
510
533
530
500
474
477
508
534
540
516
492
483
509
541
544
525
501
489
518
546
555
540
504
493
511
543
555
536
507
499
525
558
563
552
526
508
521
550
576
572
544
523
536
561
577
566
537
520
533
556
568
553
521
502
502
519
531
523
491
456
445
462
486
487
463
429
412
426
451
457
446
416
402
428
460
469
454
424
408
416
458
482
474
451
428
426
458
481
483
456
430
431
463
489
494
469
442
445
475
507
513
487
454
441
462
501
513
491
466
460
478
506
512
491
465
468
486
503
518
512
484
473
491
516
532
517
488
475
481
513
537
529
496
470
469
496
516
523
504
486
482
507
535
534
500
471
473
501
529
530
505
481
482
504
527
531
510
486
481
503
534
541
520
489
473
493
528
543
525
494
480
494
528
553
549
515
490
493
523
545
543
506
476
477
512
538
536
509
489
487
508
535
548
535
508
496
515
543
551
526
490
483
499
528
537
521
501
500
515
544
557
543
506
486
499
522
531
521
494
476
486
519
543
540
511
488
490
517
547
545
514
488
488
509
544
554
534
506
500
515
541
548
523
494
484
516
547
558
535
496
484
506
536
547
540
518
501
504
524
543
543
514
485
486
517
544
540
515
498
501
525
543
530
505
487
493
515
534
537
519
502
503
524
553
563
547
519
501
510
538
549
531
500
483
499
529
544
526
490
466
473
509
533
531
505
486
492
522
541
528
489
460
468
500
530
526
500
475
471
500
538
552
540
529
555
617
681
709
681
644
628
611
592
569
514
444
408
415
448
468
469
447
439
460
485
502
493
461
449
466
490
507
502
479
468
480
508
526
519
491
470
468
489
507
509
488
472
478
508
528
526
503
480
473
492
531
539
511
477
474
499
528
540
528
501
490
506
532
549
541
520
514
523
552
565
552
522
505
520
556
577
571
538
507
507
540
571
576
548
520
519
544
566
573
557
529
517
535
566
574
545
504
481
492
516
524
495
465
456
464
485
494
476
446
429
433
457
481
472
442
423
429
456
476
474
449
429
424
450
476
483
464
446
445
473
498
496
480
459
452
472
498
509
484
457
457
474
504
522
506
473
457
474
510
524
511
490
469
474
505
523
514
485
461
471
511
533
514
488
481
482
505
535
530
518
484
473
506
541
531
504
477
470
488
514
534
509
477
473
498
540
543
521
494
484
504
540
548
531
492
478
494
523
539
527
498
475
480
513
541
535
507
480
479
513
541
524
500
479
478
504
525
523
516
493
484
498
524
534
516
493
488
504
527
534
516
489
475
490
517
526
519
497
479
483
512
535
528
501
483
485
502
519
515
490
478
489
519
538
530
499
472
476
506
534
536
512
485
490
514
542
545
515
483
477
503
531
555
536
501
487
501
532
541
528
497
476
490
524
548
543
511
495
501
527
541
529
505
493
494
516
540
539
521
503
500
519
539
540
515
496
495
514
534
537
522
498
496
516
538
546
528
494
477
499
534
546
530
503
490
502
528
547
538
511
495
505
527
550
556
534
511
507
536
562
551
520
496
491
509
526
518
495
474
472
503
523
524
502
479
473
497
530
532
512
485
472
482
503
520
515
494
489
519
550
574
571
551
563
611
669
705
704
672
639
605
588
570
526
461
411
406
438
477
493
478
462
460
496
521
517
493
469
464
490
512
518
499
477
473
493
522
533
515
485
471
478
505
530
520
490
472
487
523
540
536
507
490
498
521
533
527
503
488
502
530
552
547
519
491
496
523
546
554
534
509
505
525
554
567
547
518
509
528
553
563
546
518
507
527
567
587
573
536
524
542
576
592
580
544
523
525
546
557
543
509
487
484
499
517
514
491
460
452
466
488
489
465
438
421
438
468
480
462
429
417
435
466
477
460
438
427
441
473
484
471
444
432
449
482
501
496
477
465
478
509
527
521
491
471
473
499
522
519
502
480
477
498
524
528
504
485
482
502
537
547
508
492
497
519
543
544
526
504
490
493
527
538
526
500
486
502
534
554
533
488
465
475
504
526
519
494
483
493
515
535
532
503
479
482
502
527
523
491
470
472
491
513
525
508
481
474
496
529
539
515
478
459
469
501
516
502
473
458
475
504
519
510
481
475
482
514
536
528
502
484
485
508
521
513
488
469
477
491
516
531
513
483
477
506
536
544
516
481
468
494
526
531
507
480
477
491
527
548
539
508
491
507
530
538
525
495
482
497
522
540
537
511
486
496
521
535
531
503
481
485
512
530
528
503
486
488
516
546
555
528
492
486
514
541
546
525
494
487
508
542
557
546
525
511
516
540
555
543
511
495
506
544
565
558
532
514
520
545
560
549
520
495
491
515
542
542
510
475
473
502
529
537
517
490
484
502
529
533
512
477
468
490
526
531
512
489
482
497
526
546
543
529
525
552
607
651
674
659
636
642
655
628
583
532
471
438
452
476
477
462
455
463
494
528
529
499
466
464
481
503
520
509
481
471
495
526
539
517
483
479
496
526
535
518
494
476
485
517
538
529
501
478
489
521
544
533
498
472
476
510
543
542
510
484
491
520
563
575
552
522
505
526
558
559
539
515
507
525
556
564
552
521
513
534
560
571
553
525
521
543
569
568
552
527
509
522
549
561
549
513
489
496
527
543
516
482
454
457
478
491
486
461
442
432
439
458
459
442
418
415
431
450
462
449
424
414
428
459
478
463
435
427
442
477
492
470
448
441
456
489
510
499
466
441
454
495
517
513
484
470
467
491
515
517
496
472
462
483
514
524
502
474
467
480
507
526
507
483
482
501
524
521
504
490
484
501
531
552
531
492
478
489
512
533
524
490
473
482
507
520
514
495
477
481
506
524
524
502
473
464
488
515
520
495
476
480
517
547
548
523
491
488
515
536
535
516
487
475
494
523
539
528
498
482
487
514
530
529
499
476
487
514
532
521
490
473
488
521
544
543
513
484
486
517
541
545
517
490
489
511
533
538
519
488
481
505
534
543
528
500
488
502
532
542
525
495
483
498
532
554
544
510
488
497
527
547
542
516
492
495
525
550
542
514
496
495
515
544
554
524
490
481
501
533
546
528
498
491
516
546
549
522
498
499
526
563
576
560
524
509
523
554
574
555
526
506
501
525
542
535
504
468
467
495
523
527
500
478
482
508
533
529
498
472
477
506
532
544
521
489
485
496
525
530
518
519
521
542
593
643
660
653
640
645
665
655
607
548
491
462
465
481
477
455
444
456
485
507
501
479
466
467
492
523
527
511
494
491
512
539
542
519
496
495
508
531
536
515
488
480
497
525
537
527
498
482
499
527
540
530
498
481
490
518
536
538
521
498
499
528
550
550
526
506
514
547
576
574
551
522
513
541
571
576
557
527
523
543
576
588
571
541
535
552
577
584
568
543
538
548
575
583
557
521
499
499
526
539
523
483
459
462
481
495
489
448
424
444
474
492
489
458
433
430
456
485
478
455
436
426
449
483
493
463
434
434
456
486
498
481
447
434
455
488
503
491
456
443
459
491
511
505
473
463
474
502
516
505
479
460
465
495
519
518
491
475
478
497
521
521
502
482
484
508
530
534
516
490
482
496
524
538
522
492
484
502
525
532
520
501
490
499
529
543
519
483
472
487
521
544
540
514
493
493
521
544
543
519
492
491
513
531
529
510
490
494
517
542
541
515
482
472
500
530
538
521
496
486
500
524
536
526
494
480
496
523
532
520
492
472
484
518
533
521
492
471
475
505
530
523
501
484
486
514
536
532
506
484
471
486
516
527
510
481
482
503
522
526
503
470
456
466
495
514
510
489
474
488
515
523
513
488
470
472
501
526
526
503
484
489
511
531
523
491
472
481
506
524
522
491
470
476
497
521
521
496
474
478
500
530
535
515
482
475
493
523
537
521
490
471
478
502
524
513
483
465
473
504
523
513
488
468
477
506
531
527
496
473
478
502
529
531
506
480
480
505
534
536
513
485
480
503
529
536
524
499
494
512
537
543
523
491
474
488
519
528
511
476
452
457
485
505
504
477
454
457
484
507
500
469
457
472
498
509
503
481
460
461
483
504
517
515
501
508
548
600
641
653
644
630
639
658
632
577
516
468
451
457
462
453
434
430
445
481
505
495
471
450
456
490
512
502
469
449
459
494
516
512
489
468
475
505
533
529
501
480
482
507
532
536
513
484
479
498
528
538
518
490
485
504
533
545
532
508
498
508
535
547
541
518
505
519
550
567
558
526
507
521
556
577
572
545
527
533
563
588
593
565
534
532
551
578
589
563
531
520
537
565
570
542
509
493
512
540
543
513
476
458
466
487
491
472
439
417
425
456
468
449
431
422
434
460
480
476
446
424
430
462
489
491
460
442
449
475
497
496
467
444
451
478
509
508
479
457
455
478
510
523
501
466
456
478
516
540
529
492
478
488
523
543
531
499
484
490
517
531
525
497
482
484
510
533
531
509
483
477
498
522
524
505
484
479
493
517
531
516
490
488
510
531
536
517
494
492
509
534
537
519
492
475
486
521
540
528
499
486
497
527
549
540
511
499
508
522
538
532
502
480
481
508
541
542
517
492
482
497
524
528
503
480
481
501
535
547
530
499
485
498
524
533
517
497
483
489
513
526
516
489
470
484
515
536
528
499
476
477
506
533
531
505
480
479
496
515
519
495
474
475
498
526
524
493
474
480
512
540
542
513
473
461
482
515
533
515
476
465
481
514
534
522
487
470
476
504
528
519
496
486
486
508
530
527
501
479
483
522
546
538
509
487
494
517
537
539
518
487
482
500
529
530
509
485
480
498
530
544
527
495
479
495
523
540
528
495
479
497
531
546
534
500
480
486
515
537
547
526
502
502
527
548
548
520
486
480
502
526
535
518
490
482
501
532
545
521
490
479
492
530
544
530
506
490
497
522
546
546
523
506
509
530
549
548
523
501
502
532
558
557
531
506
509
539
560
547
516
489
482
500
523
526
499
470
466
495
524
538
522
490
481
497
525
532
510
481
480
503
535
546
524
494
487
511
549
571
575
569
581
624
679
701
689
655
610
570
559
542
504
452
421
427
454
488
506
488
461
451
488
529
533
506
475
472
488
516
525
506
479
473
489
519
534
519
492
480
495
526
540
523
495
478
485
511
534
536
507
487
491
519
549
554
530
501
497
522
539
533
515
500
498
522
558
565
543
515
511
534
553
556
541
519
513
529
569
586
570
542
538
543
565
585
575
552
536
544
575
594
577
543
516
518
542
558
543
505
479
478
506
523
511
488
462
451
471
494
487
458
437
434
451
476
481
463
434
418
428
460
473
461
444
440
452
476
493
483
461
445
464
494
509
505
476
454
459
489
514
512
486
464
464
489
505
503
486
471
471
490
520
533
513
480
476
507
538
539
516
493
485
500
530
542
525
491
483
498
524
539
525
489
470
483
516
536
529
503
489
491
514
530
526
498
472
475
504
527
527
506
486
482
509
538
539
504
470
471
501
531
540
516
489
479
503
541
553
529
493
479
487
516
536
524
496
482
493
520
535
527
500
477
482
517
544
536
510
486
490
520
537
531
506
494
495
519
551
547
517
488
488
511
536
543
521
493
485
505
534
547
527
490
479
490
515
532
524
501
490
501
531
548
537
504
484
489
521
547
545
514
484
480
506
529
533
513
492
489
519
544
541
516
495
489
512
538
540
518
489
485
507
530
532
514
491
482
496
525
533
513
487
484
501
530
545
534
504
485
491
521
549
543
512
489
492
519
539
534
511
486
490
521
540
540
512
483
476
501
533
543
525
502
493
519
545
555
543
518
505
522
549
558
544
516
501
507
532
545
531
502
484
487
516
535
524
495
476
481
504
531
525
505
489
496
521
546
550
526
490
487
507
530
530
513
502
510
552
608
658
671
652
637
650
665
639
583
520
468
442
453
473
467
446
440
460
500
518
512
492
472
473
495
516
516
499
481
478
501
523
530
512
488
479
500
526
527
506
482
480
503
526
538
508
483
482
494
524
534
513
483
475
497
531
540
523
494
480
492
523
539
535
511
490
501
534
558
554
527
506
506
533
562
573
555
530
524
542
571
577
550
524
520
541
569
575
553
524
519
539
562
563
542
515
502
508
533
540
514
476
457
461
482
487
470
440
416
424
455
478
466
435
417
422
447
476
477
444
425
424
439
465
480
461
439
440
469
496
493
473
450
444
467
496
505
484
461
452
462
492
514
505
466
450
466
501
523
516
490
473
480
506
525
510
479
468
482
508
532
529
492
468
478
508
530
527
496
470
476
507
531
524
508
487
477
495
520
530
514
489
482
500
527
534
516
484
472
484
515
532
510
478
464
480
521
546
542
508
481
478
505
538
529
504
476
473
503
527
532
512
488
489
515
536
540
517
480
467
490
524
533
510
485
478
501
532
540
523
496
478
490
525
533
511
489
480
496
527
538
532
506
482
489
514
530
520
491
474
482
512
542
551
527
497
488
507
529
535
519
493
479
501
532
538
515
485
473
491
523
543
531
496
474
490
523
534
523
490
472
484
515
532
529
504
488
491
515
527
518
498
483
490
507
527
536
518
495
488
511
538
544
521
490
484
509
541
546
521
492
486
507
534
536
520
488
473
486
517
540
544
514
495
499
523
539
528
499
486
493
526
548
540
508
495
499
522
548
543
523
506
499
520
547
543
515
491
497
524
549
557
538
516
509
522
542
545
530
504
490
500
527
539
522
490
471
475
505
528
528
499
480
485
511
529
522
493
471
475
506
527
526
500
474
472
504
536
547
536
523
542
597
655
687
687
658
636
634
629
598
544
479
433
424
451
467
456
442
446
461
494
518
512
486
468
468
495
519
526
495
473
471
500
523
517
490
470
468
494
522
524
493
467
473
504
536
542
517
486
476
503
527
533
522
495
483
495
523
542
536
513
497
508
543
560
550
523
509
516
541
558
547
528
514
524
555
575
569
541
526
530
549
571
588
565
536
538
564
588
587
561
526
516
540
569
573
550
513
493
504
528
530
500
466
451
455
478
484
471
449
428
437
470
482
469
443
426
426
448
469
471
455
433
436
459
489
490
466
442
443
470
493
493
477
457
450
475
505
508
485
457
446
466
494
503
489
466
471
489
515
528
523
495
485
496
515
525
517
493
476
484
508
528
531
515
492
495
515
529
522
500
478
478
500
525
528
503
480
474
495
530
541
518
484
478
510
540
548
532
496
481
496
528
541
525
488
471
485
521
543
533
505
483
484
516
540
531
496
476
491
520
539
533
509
488
489
509
533
532
514
492
496
521
545
544
515
480
476
498
527
542
523
495
478
494
521
536
527
492
471
489
528
544
533
500
476
483
516
541
539
509
482
481
510
532
532
513
493
494
518
544
538
513
484
478
500
535
550
532
504
490
503
527
541
535
503
485
498
528
543
533
498
474
489
520
542
540
510
493
493
517
538
531
505
483
494
518
534
530
504
477
488
520
543
546
515
483
478
502
535
540
519
496
494
508
546
551
527
491
480
495
524
539
534
507
493
509
539
556
538
508
492
505
535
549
539
506
482
478
502
523
517
492
475
479
501
526
520
493
475
476
495
520
524
504
478
481
505
529
531
506
476
475
502
553
582
572
559
573
617
670
685
668
639
593
561
552
532
486
425
397
409
450
486
498
475
449
447
477
504
509
487
457
454
481
511
522
506
478
470
489
513
518
501
475
469
493
527
536
512
479
468
481
517
540
529
503
487
497
525
537
527
498
484
494
527
553
548
518
488
484
517
545
547
537
513
510
539
572
570
546
519
513
532
563
575
557
530
521
544
580
581
557
534
526
534
558
577
566
530
510
517
543
560
549
507
478
479
496
516
509
478
449
440
455
475
473
454
431
428
447
473
482
454
421
421
449
480
486
469
444
429
446
478
483
462
433
429
455
490
504
494
474
457
452
485
505
495
485
474
486
516
536
527
496
470
472
498
521
525
501
475
474
498
522
519
495
476
476
499
521
518
496
479
472
487
520
531
512
483
471
486
512
527
517
486
468
484
517
540
531
500
477
486
513
534
525
489
475
491
524
539
538
515
487
484
509
539
537
512
494
488
508
535
543
520
495
499
522
543
546
531
498
481
493
523
540
523
494
480
494
528
546
533
504
489
496
524
543
535
508
485
490
515
536
533
511
493
486
509
528
536
519
488
485
509
535
543
517
486
485
511
539
542
517
490
482
501
529
542
526
493
478
496
527
541
533
500
480
493
519
533
526
503
484
491
516
536
540
509
485
482
510
536
531
523
502
492
509
543
549
519
491
480
496
528
535
514
493
488
510
542
552
532
503
490
503
536
561
554
522
503
513
540
553
546
517
493
495
518
539
532
500
478
480
500
521
519
501
483
477
497
526
536
516
489
487
502
525
523
494
470
471
497
527
533
521
501
500
525
562
599
628
647
653
657
667
664
623
557
497
456
449
454
453
445
437
439
470
512
517
493
470
469
496
522
517
494
466
463
485
509
518
508
481
469
484
512
522
503
472
463
477
503
521
519
487
476
488
519
537
536
511
490
491
525
552
542
510
484
490
522
540
539
516
493
492
514
548
559
533
505
506
533
558
560
538
518
518
541
568
583
567
533
520
542
573
580
561
532
520
536
558
570
556
527
511
512
536
545
527
490
465
460
481
506
501
467
437
430
453
479
485
458
429
417
436
458
465
444
423
431
455
484
493
469
442
433
450
477
491
485
459
457
473
501
513
506
480
458
461
488
507
500
481
472
485
516
541
534
507
480
477
500
519
521
499
476
475
501
527
535
510
481
478
499
526
532
514
490
481
499
523
541
533
505
489
493
515
531
523
491
472
481
511
528
522
495
477
483
513
538
537
513
491
487
509
534
535
514
480
474
498
533
543
525
496
488
512
539
544
519
486
477
492
522
541
532
508
483
488
516
524
513
496
487
501
533
553
551
515
487
498
527
547
537
504
472
474
517
550
548
521
492
484
503
534
531
506
488
490
509
532
538
520
495
489
500
524
538
530
500
489
497
523
536
519
491
483
496
527
541
532
507
492
495
514
531
524
507
492
494
516
538
532
511
485
483
508
531
528
507
478
473
502
531
540
524
495
481
499
532
546
526
494
485
497
524
540
523
498
486
495
524
540
522
495
477
486
515
530
530
506
489
489
515
547
549
525
501
506
533
560
565
541
508
494
511
540
542
519
488
468
484
510
517
502
478
471
486
517
523
509
481
463
481
516
541
537
505
483
496
519
535
531
506
478
485
528
560
569
567
576
610
660
695
693
662
608
563
544
532
501
450
410
406
439
483
509
499
471
457
465
490
500
488
470
458
465
494
520
514
487
463
466
500
521
516
497
480
479
498
520
530
506
490
495
518
539
546
525
493
484
501
526
536
519
497
489
505
532
546
538
514
506
523
548
559
546
516
500
515
549
565
551
521
514
526
553
571
572
550
531
534
562
580
572
543
525
532
557
582
583
557
528
512
531
558
555
528
495
479
490
510
513
488
450
441
451
470
480
464
432
418
435
468
474
463
443
430
437
461
480
473
447
431
445
478
491
483
456
444
452
475
502
505
481
457
455
476
502
508
491
466
462
491
523
530
512
480
472
489
523
534
517
496
482
494
520
533
520
496
480
491
520
533
528
495
470
472
502
525
522
502
482
482
502
529
539
522
498
494
514
532
528
510
480
473
498
531
534
509
485
482
498
520
530
516
486
472
489
525
539
524
496
481
500
534
544
533
511
492
489
516
539
534
515
489
487
518
544
538
510
488
494
520
537
530
502
477
477
503
542
556
534
500
492
513
539
549
533
505
491
498
526
543
530
497
486
501
530
544
535
506
489
497
514
531
525
501
487
498
531
557
550
515
487
485
517
545
553
536
510
505
518
537
539
517
489
481
504
537
542
531
503
485
499
526
542
530
502
490
499
526
532
517
489
469
472
498
516
507
485
469
469
498
517
510
486
466
470
501
526
521
488
461
459
486
516
527
503
480
490
525
564
597
614
611
615
636
661
678
654
592
535
502
489
479
451
429
420
432
465
491
490
469
454
454
490
519
513
479
455
454
482
511
520
498
475
475
499
528
535
513
485
480
496
525
535
515
475
468
495
525
533
528
506
492
505
537
550
536
497
478
497
535
552
541
515
493
496
523
552
556
528
501
505
531
550
549
537
517
512
538
567
574
558
530
520
545
577
584
568
542
534
552
576
586
577
542
521
531
549
551
542
505
470
477
511
521
497
460
440
448
471
485
481
452
428
428
452
479
477
456
428
427
453
480
485
459
431
427
450
485
500
484
452
440
455
480
493
481
456
454
472
494
507
502
477
458
463
493
515
508
479
464
469
493
518
520
503
481
476
506
534
530
505
484
477
494
519
527
505
472
468
491
519
532
512
477
465
479
514
533
521
492
