618
602
602
630
655
660
658
618
602
602
630
655
498
499
502
506
510
522
532
514
476
449
471
498
523
517
489
471
474
499
528
523
484
465
488
521
537
526
495
466
473
500
524
530
513
482
480
495
517
521
504
479
471
487
508
522
518
495
481
497
513
532
512
488
475
491
521
535
523
500
479
480
503
527
523
504
486
485
515
538
529
501
472
471
494
517
527
518
497
485
497
526
536
514
486
483
497
523
536
518
481
473
504
533
541
521
488
480
497
525
529
519
501
488
490
508
526
533
509
490
500
529
555
555
533
510
503
528
556
559
533
510
503
508
527
525
502
481
472
478
503
528
495
457
452
474
498
509
491
481
472
489
513
529
512
478
466
484
514
528
525
518
522
528
568
620
649
651
637
632
649
654
613
554
488
441
434
455
471
462
441
438
467
503
505
484
467
466
488
504
515
500
483
466
480
507
524
515
504
486
474
489
517
508
482
458
468
495
519
528
500
472
487
526
544
535
520
506
503
508
526
527
508
489
488
507
530
533
522
508
499
520
538
548
539
518
509
523
549
573
566
535
515
520
553
568
561
540
526
530
553
568
568
544
514
515
553
560
552
534
493
482
516
531
529
500
471
463
483
506
511
483
452
442
453
474
490
479
453
430
441
476
489
492
461
432
444
467
485
483
465
452
454
484
500
496
464
444
450
483
512
501
484
466
449
475
522
526
506
486
473
488
511
514
507
483
475
493
518
533
525
497
483
485
505
519
517
487
475
493
520
536
524
494
476
483
518
531
516
488
475
474
493
531
528
508
499
508
516
527
528
507
477
469
490
520
529
503
488
477
486
508
521
505
483
479
507
528
537
509
488
493
508
540
557
537
503
476
478
505
521
523
498
478
482
505
529
523
509
492
483
499
520
527
523
500
498
520
543
537
510
489
493
509
529
532
507
478
472
486
513
530
505
480
477
494
519
537
525
515
496
494
509
530
531
507
490
495
514
520
512
492
474
488
515
538
531
515
479
479
520
535
533
512
488
488
513
532
542
534
507
490
516
547
550
525
514
515
523
543
563
546
529
512
510
520
528
508
478
460
467
492
513
515
497
472
464
494
516
509
482
476
483
503
532
535
515
479
466
485
515
526
511
507
506
522
558
603
631
633
625
645
666
651
602
562
520
488
471
469
460
442
434
464
490
499
501
478
464
467
480
498
489
476
467
466
496
516
512
504
485
481
503
516
515
498
473
459
476
512
530
515
487
478
496
526
536
523
499
488
490
524
553
539
506
486
495
515
531
524
509
495
497
518
552
551
539
512
516
539
561
574
550
517
517
546
576
578
555
527
511
530
557
563
546
524
519
536
553
560
539
511
503
515
534
534
518
485
476
485
493
504
496
467
445
446
466
469
466
452
440
438
456
478
483
462
446
438
458
473
482
475
455
454
485
507
500
480
456
448
467
498
508
487
468
462
485
508
527
507
482
453
457
482
511
517
507
495
491
512
531
521
512
483
487
501
524
525
502
479
477
491
526
528
505
479
482
501
526
546
525
481
476
499
528
543
510
480
471
499
524
533
515
485
466
475
506
531
522
502
488
492
523
543
528
508
502
498
511
529
521
502
480
474
502
533
530
506
486
477
501
525
526
505
487
474
495
534
546
520
489
483
496
512
519
511
496
481
490
520
530
530
516
498
495
500
528
534
513
497
506
522
536
526
494
483
490
503
526
530
504
485
477
503
541
547
519
496
495
503
520
543
543
517
490
498
518
531
520
497
488
493
510
525
515
495
479
477
516
535
527
515
488
489
508
513
521
512
499
511
517
529
543
516
485
487
510
537
536
520
488
484
499
526
535
529
508
499
520
545
558
535
501
492
512
540
552
540
512
481
490
508
521
519
497
474
464
489
514
512
495
478
478
493
509
507
494
467
464
486
510
534
513
496
485
499
520
542
552
551
574
624
668
686
670
642
619
591
578
551
499
443
422
444
467
474
488
479
466
470
495
505
493
479
467
462
481
505
497
473
462
468
493
519
520
488
463
465
490
527
526
504
492
477
477
507
526
507
484
473
485
506
523
520
494
481
490
509
529
532
515
498
502
523
545
539
512
507
528
540
548
543
524
512
521
539
552
555
534
509
503
522
555
560
533
515
501
539
555
554
538
519
517
524
539
551
533
498
492
504
517
521
501
464
444
456
472
482
479
460
444
436
444
476
487
464
440
438
456
477
485
464
438
435
460
483
486
471
444
443
461
488
493
473
449
447
474
503
514
495
469
454
474
507
525
519
492
476
486
513
519
506
490
479
493
517
535
524
500
481
489
509
524
526
509
482
473
495
513
519
503
483
478
508
533
529
511
483
480
499
519
524
512
492
502
513
525
537
518
488
483
492
515
526
523
498
475
474
496
517
507
491
487
500
520
536
531
510
492
491
514
529
519
497
475
480
501
524
530
513
489
482
497
514
519
501
491
484
486
515
534
530
494
486
490
523
547
542
513
492
493
511
528
526
493
473
488
515
532
528
508
492
492
510
523
520
505
505
498
512
553
556
535
508
490
505
518
517
496
483
477
489
519
537
525
493
474
485
511
531
517
495
474
479
513
536
527
505
493
507
527
543
529
519
514
504
510
531
527
505
479
475
496
519
525
507
475
476
506
534
552
535
506
486
502
524
555
536
514
507
508
524
541
538
515
491
504
529
542
540
512
483
493
518
544
539
514
495
489
501
517
524
510
498
500
511
523
524
505
472
466
493
520
532
514
477
465
474
500
518
506
484
469
493
517
542
556
580
611
651
686
697
683
641
588
558
541
516
481
452
433
437
466
494
503
481
456
455
455
482
497
494
483
478
489
519
519
500
487
481
489
529
533
512
486
477
485
504
518
512
486
475
484
505
518
500
477
475
493
515
528
529
531
516
508
522
551
552
526
497
498
523
550
547
530
520
513
519
536
541
533
523
513
531
565
577
559
543
542
551
557
566
556
536
534
547
565
572
545
507
504
512
529
544
547
512
483
470
491
507
511
485
459
451
468
478
472
457
445
446
462
470
474
459
433
436
461
473
470
458
438
430
451
470
476
487
476
463
472
503
509
499
479
454
460
492
513
509
487
473
475
490
500
496
483
465
462
488
514
523
507
481
478
497
518
521
501
472
476
504
533
538
524
503
500
519
532
539
526
500
482
488
518
525
514
496
471
488
517
531
520
487
469
495
520
541
531
503
491
500
515
534
534
520
488
472
494
522
523
502
487
483
495
514
529
516
494
490
493
523
528
514
493
484
495
519
524
506
494
492
501
527
543
531
510
492
488
505
528
524
506
489
496
525
547
537
507
483
485
501
526
543
518
493
496
513
523
521
516
498
496
503
522
529
519
495
488
499
519
529
521
498
493
508
524
524
514
502
495
502
509
524
525
504
483
483
500
525
529
502
480
490
522
538
533
516
490
485
497
515
523
511
490
493
517
536
534
513
490
479
492
516
531
521
493
496
513
542
556
537
502
486
499
525
551
561
531
511
523
540
552
547
516
491
490
504
520
510
479
464
467
489
510
519
508
482
480
492
519
529
510
481
482
494
520
540
526
496
483
496
529
553
562
569
582
618
668
679
661
628
583
565
575
549
502
454
433
435
462
494
502
481
453
450
484
519
524
504
481
473
478
496
504
491
473
464
474
491
498
504
485
479
491
515
524
514
489
484
504
528
537
523
504
478
476
497
521
527
518
514
508
518
532
525
514
503
496
518
542
546
523
512
515
531
557
560
545
523
513
520
550
565
543
523
522
538
556
556
552
534
523
530
553
562
557
538
518
519
538
554
541
517
496
488
498
508
493
464
447
438
447
471
486
468
449
446
461
481
473
439
416
422
453
490
495
471
449
445
457
474
491
481
458
451
465
481
490
478
461
458
475
500
502
490
468
455
463
488
508
519
512
488
493
512
523
514
501
486
488
505
526
526
510
485
485
508
528
525
510
491
478
484
509
530
516
499
489
499
519
529
523
504
485
494
519
537
527
511
485
474
501
525
518
516
494
490
503
521
524
504
490
488
504
513
506
499
481
480
499
510
517
505
486
499
519
528
539
525
500
494
511
528
536
521
496
481
489
512
525
517
492
475
482
502
516
510
494
477
484
509
530
528
514
499
496
513
538
540
506
482
494
526
555
563
546
511
496
513
538
546
525
501
494
510
526
534
523
505
495
499
511
515
525
519
492
492
524
542
528
510
496
499
521
537
532
500
489
500
514
523
523
511
489
485
504
523
526
509
494
490
504
517
531
521
500
494
511
538
540
520
497
486
496
512
522
517
506
498
514
527
535
524
497
477
496
508
519
528
511
493
494
510
531
522
507
487
488
511
531
539
520
496
486
500
526
531
524
507
489
499
528
544
529
509
501
523
536
542
536
514
500
511
530
554
535
513
503
505
517
518
509
490
468
475
497
524
534
515
492
478
495
510
517
517
501
490
492
518
528
515
490
481
519
546
543
538
556
583
630
683
695
673
643
607
570
563
542
505
460
428
432
461
489
481
470
461
472
493
498
493
478
458
454
475
504
507
493
472
468
483
500
518
509
476
472
496
510
523
508
481
481
495
521
534
516
490
474
494
515
536
527
494
488
507
521
536
534
515
509
519
534
549
546
530
515
510
526
548
552
542
512
511
528
544
554
541
529
530
544
560
566
554
533
520
534
565
580
563
538
530
540
550
554
537
509
492
501
512
525
508
478
458
457
475
489
470
437
417
420
443
463
473
461
444
450
466
474
477
464
447
446
459
473
487
488
467
452
465
488
500
484
459
450
465
481
495
504
483
465
476
482
491
512
503
492
500
508
527
523
496
486
488
506
534
536
505
481
485
497
518
515
505
496
488
512
530
531
513
479
471
493
516
521
519
502
496
504
506
518
527
508
490
498
519
533
529
498
473
475
509
529
519
501
488
495
509
522
519
501
478
488
496
515
522
514
496
487
506
533
538
510
491
491
514
538
543
518
486
473
493
521
525
514
483
468
491
524
546
546
519
490
486
513
521
517
502
484
496
520
530
525
513
492
488
509
537
527
502
486
490
519
533
518
502
496
490
515
536
538
521
498
487
495
521
535
522
505
495
511
534
547
536
503
487
499
514
524
526
506
484
491
515
527
528
513
496
502
514
530
538
516
495
494
505
520
525
515
493
486
508
532
538
523
500
495
508
520
527
510
483
486
499
527
543
538
519
496
495
511
537
530
504
492
504
529
543
540
523
499
507
529
538
536
508
493
503
516
535
532
510
486
480
500
522
520
500
478
467
484
508
521
508
488
486
494
511
519
509
497
477
485
508
519
525
513
505
514
541
573
603
623
634
627
650
676
651
585
525
497
483
470
467
457
444
447
479
498
503
490
459
449
460
485
500
496
488
473
480
504
518
500
478
478
492
511
516
518
503
494
496
514
523
512
492
480
490
510
529
517
493
486
502
524
546
548
527
513
503
514
535
539
522
511
509
518
542
553
538
508
510
529
540
548
545
527
515
535
567
572
557
553
544
551
573
586
570
541
527
538
555
566
560
532
505
507
524
540
532
501
484
485
489
497
482
459
449
459
470
485
484
455
435
437
451
472
483
474
451
443
451
481
500
493
460
440
452
480
497
503
480
464
466
487
500
502
488
465
461
484
501
498
494
473
472
496
524
523
503
487
481
497
522
519
508
486
477
502
531
535
514
494
489
499
523
531
513
490
468
478
502
531
523
496
467
485
523
542
531
508
483
479
502
523
522
500
476
483
506
539
537
509
483
485
514
537
542
516
486
477
500
517
525
517
499
493
490
499
512
503
493
488
496
512
527
518
505
494
504
522
526
517
501
486
494
515
532
526
504
483
481
501
526
527
518
494
487
499
531
545
537
506
501
522
528
541
523
497
493
495
515
531
519
493
480
486
512
528
519
491
472
492
516
537
520
500
495
500
513
534
535
518
496
502
518
540
534
511
490
489
516
542
538
520
497
490
517
533
541
529
503
487
497
524
537
524
503
496
503
533
546
537
517
509
517
531
547
530
510
498
507
534
543
526
516
505
504
528
547
540
528
521
525
547
560
558
538
518
520
536
545
538
514
487
483
489
499
516
513
493
479
489
511
525
511
487
474
480
506
525
509
485
473
491
522
537
527
500
487
506
533
563
593
605
622
653
680
685
672
616
561
522
499
487
473
458
434
429
456
480
485
476
470
477
482
487
492
488
488
479
490
504
509
501
478
463
466
499
521
514
496
483
489
503
521
516
499
482
483
496
523
536
510
485
480
497
515
531
525
502
503
517
537
543
527
511
501
512
537
544
533
497
496
523
540
552
545
524
515
525
550
559
551
533
520
544
567
582
580
548
521
527
543
561
558
541
516
512
518
528
530
516
488
476
489
511
512
488
466
453
458
473
478
465
430
418
435
462
469
462
447
438
440
458
473
474
453
447
454
470
485
483
459
446
462
496
510
491
484
474
473
484
511
506
477
448
446
474
509
517
500
487
476
482
504
522
502
478
468
481
513
525
515
492
481
486
505
525
519
510
502
499
518
537
532
497
480
490
506
521
522
509
490
490
505
522
523
503
483
481
496
516
520
509
483
488
496
518
530
517
500
496
502
529
542
518
489
482
493
519
531
522
512
493
499
520
525
512
493
493
502
516
536
534
513
490
491
512
523
521
513
496
504
518
528
519
507
487
480
511
536
546
533
506
493
506
523
540
526
506
497
510
523
525
516
503
490
505
519
526
512
500
495
502
521
527
514
498
490
500
532
555
540
508
491
501
518
534
529
507
496
502
511
528
536
520
494
491
509
528
534
515
496
496
508
528
535
524
499
482
488
524
544
542
513
491
497
517
536
525
497
483
481
504
535
529
508
494
502
517
534
531
526
509
504
515
519
534
533
502
496
512
525
524
510
496
502
516
535
541
512
481
476
501
522
535
521
506
502
507
533
551
543
525
512
516
523
537
529
516
509
511
530
542
538
518
481
470
488
513
526
501
469
464
477
506
519
506
477
476
484
508
528
523
504
489
497
522
533
522
509
504
519
536
586
619
630
640
660
677
677
647
591
542
502
484
471
450
433
420
437
474
504
501
477
463
464
485
513
517
497
472
474
486
505
504
499
486
481
493
511
519
513
500
481
487
504
521
521
500
485
484
510
518
511
492
479
483
501
523
529
514
497
490
519
550
554
530
506
499
506
536
554
542
523
511
522
556
566
549
521
515
538
563
566
562
556
543
542
581
570
544
543
532
535
564
584
571
539
513
508
522
531
519
497
471
461
474
487
483
460
450
448
452
471
474
450
441
433
455
486
484
467
440
434
468
488
483
461
430
425
447
469
480
477
452
437
461
492
515
504
476
469
473
483
504
499
486
486
492
498
507
508
494
488
488
506
519
514
494
480
481
504
532
528
510
482
461
486
520
519
512
490
480
495
513
526
518
503
485
493
503
521
518
496
484
492
510
522
521
502
485
491
507
519
514
506
483
496
505
524
519
515
501
493
504
518
519
509
480
489
517
533
543
529
500
482
504
527
532
517
495
490
493
526
535
517
498
482
493
504
524
526
501
490
499
519
532
534
510
486
503
530
539
528
510
483
483
517
533
529
516
496
485
500
519
519
514
500
491
497
524
534
521
501
488
495
524
536
523
495
485
498
528
537
525
507
502
501
519
529
520
494
481
486
516
531
528
522
496
485
489
511
525
519
501
501
513
514
519
522
502
485
495
521
542
525
491
489
511
522
529
514
493
472
486
522
539
525
503
480
489
519
534
531
519
502
503
522
545
539
519
512
518
545
558
550
521
502
502
509
534
543
523
502
495
486
493
507
504
490
485
504
527
529
520
499
479
489
504
517
518
499
486
502
521
523
514
505
505
526
556
593
615
632
636
640
651
668
642
588
540
499
467
456
458
447
442
455
475
494
514
499
473
461
469
486
494
499
486
473
480
510
533
520
492
485
494
509
514
512
500
479
475
499
523
522
499
481
490
510
528
517
503
482
486
513
531
534
519
501
504
520
534
546
530
502
499
529
555
556
554
516
496
514
546
563
550
530
520
530
546
560
559
547
530
531
562
583
587
577
558
551
560
569
559
530
513
514
530
543
535
503
483
476
490
487
474
470
443
435
450
470
476
469
440
435
455
465
473
465
458
446
459
478
503
487
453
435
444
461
474
474
466
461
463
482
504
504
486
471
472
488
512
515
485
463
458
482
510
514
497
485
485
486
516
533
510
480
483
502
524
528
511
503
495
500
523
525
521
505
491
497
514
525
507
481
471
489
504
514
509
502
489
491
507
526
529
523
497
493
503
530
535
511
486
480
497
511
518
520
496
473
492
517
530
518
497
481
488
512
517
520
498
480
507
528
532
507
488
488
501
510
518
518
494
488
491
511
528
536
525
500
492
505
517
512
518
510
498
516
529
529
508
480
477
506
531
528
498
483
489
500
525
528
521
497
494
505
535
550
532
503
493
513
533
545
532
497
480
499
512
528
523
502
496
499
521
539
539
518
504
500
508
532
538
534
509
496
513
518
518
517
499
490
494
506
515
515
500
487
501
525
540
534
513
497
500
522
541
537
511
512
529
534
533
524
511
492
490
501
526
533
527
507
496
506
527
530
520
509
503
516
534
542
526
501
494
496
520
548
541
516
506
517
533
550
550
530
514
511
519
530
518
487
465
464
500
524
522
498
479
481
492
507
521
505
491
486
501
520
520
509
493
489
504
526
525
519
496
491
527
568
629
658
652
645
646
650
662
631
564
517
478
462
457
447
441
442
455
481
492
491
478
452
451
470
496
493
486
473
472
489
506
495
481
476
478
495
522
524
499
478
474
494
515
514
496
482
479
482
515
542
537
504
497
505
527
540
528
501
481
490
527
554
542
517
503
494
512
532
550
546
525
522
541
551
547
530
513
530
550
564
581
561
535
529
555
580
573
554
540
549
560
569
573
559
532
518
517
529
529
508
479
470
479
494
496
478
460
432
445
463
472
469
442
446
458
475
486
486
471
450
448
462
473
474
464
437
434
457
487
499
477
455
445
455
476
486
494
484
475
486
496
505
501
473
472
494
520
526
509
504
500
487
507
519
501
478
468
479
502
522
517
492
482
500
515
525
525
511
488
482
512
527
534
533
501
491
502
514
521
507
496
491
500
512
508
503
499
489
503
528
530
513
482
464
493
516
532
531
521
504
500
505
521
521
513
501
500
514
523
519
502
494
501
514
533
533
507
488
483
494
522
525
507
484
472
497
515
532
529
506
497
504
524
531
519
497
487
512
540
541
530
506
483
499
523
535
528
499
487
490
494
505
512
493
480
495
517
531
532
526
519
505
514
527
525
510
496
486
501
521
544
530
500
488
499
523
532
517
497
483
496
520
530
515
493
491
491
508
521
508
503
501
510
527
538
531
514
499
506
510
525
523
510
491
484
513
532
538
519
494
485
507
536
541
520
495
488
511
548
556
537
521
516
528
539
544
547
530
507
526
526
537
522
497
474
476
491
516
515
496
478
470
496
517
517
505
487
482
494
509
512
495
481
481
497
521
523
521
515
517
526
555
606
627
637
649
654
666
665
619
555
505
478
461
448
447
445
445
467
486
499
487
465
457
465
495
514
498
469
451
460
491
520
510
497
482
473
494
513
522
511
484
478
502
521
521
507
481
477
491
513
523
527
507
490
498
521
528
528
514
507
519
532
544
541
521
513
521
540
558
549
533
516
517
546
562
566
560
549
546
555
570
577
563
543
548
564
582
596
593
578
562
557
562
569
555
533
512
516
533
552
534
501
481
486
505
520
504
473
452
461
478
494
488
456
434
439
457
467
463
444
435
434
453
470
478
461
443
443
460
478
485
474
461
459
468
492
488
478
457
459
476
491
496
478
463
448
464
494
507
501
481
454
462
505
519
516
499
478
479
498
520
523
508
483
466
478
497
504
491
475
492
506
526
536
519
489
480
490
507
527
525
506
491
498
513
522
519
504
483
479
498
514
499
489
481
490
508
505
497
488
483
486
521
545
543
525
496
499
518
541
541
510
486
479
484
504
518
500
481
486
500
516
518
499
478
478
499
512
535
525
522
506
509
520
529
524
502
494
498
504
530
531
518
489
486
498
513
513
490
469
478
506
530
530
511
510
505
520
541
539
513
499
497
503
528
540
528
508
489
491
510
515
504
485
481
493
511
519
524
507
499
506
522
536
534
519
509
510
527
538
534
504
488
491
507
530
533
523
513
512
523
534
525
515
513
513
528
556
556
531
521
525
534
546
541
528
525
505
495
506
521
515
490
474
476
500
520
514
493
477
480
506
531
522
503
485
486
498
518
517
507
495
491
508
518
528
528
521
526
579
636
659
658
645
649
662
654
607
561
510
472
449
454
472
451
442
450
467
502
508
507
488
462
466
484
500
487
486
476
479
500
517
514
497
488
490
509
519
511
493
481
484
507
525
528
519
498
486
508
515
511
514
513
501
502
513
529
542
524
501
495
510
546
547
527
516
526
544
560
556
534
512
515
538
556
548
538
517
528
548
566
577
575
558
544
558
583
569
556
547
536
544
573
573
542
518
510
514
532
526
507
475
462
473
489
495
476
444
444
450
465
477
475
458
444
442
460
468
458
448
444
457
474
487
481
462
441
445
470
486
488
475
464
466
482
508
513
495
471
455
464
482
497
491
479
476
494
502
515
510
488
476
499
518
523
521
509
491
485
511
520
510
486
481
488
498
508
509
494
473
487
509
520
526
514
492
485
504
522
526
513
504
505
515
526
529
529
508
493
497
509
517
503
484
478
490
512
525
513
487
469
467
503
536
525
502
488
501
514
522
519
500
502
505
526
544
531
490
474
481
502
521
517
501
478
481
515
535
528
510
486
482
493
508
525
523
523
506
519
529
528
515
515
494
500
529
545
536
517
491
496
519
528
527
514
493
496
505
514
508
496
493
504
510
528
526
506
492
494
514
527
533
519
498
500
520
539
536
518
492
480
492
515
524
521
495
490
499
522
536
521
511
500
504
520
519
520
510
494
501
526
539
520
501
497
506
510
523
526
514
494
488
501
517
514
495
496
509
520
529
522
503
491
493
503
532
549
540
512
505
512
528
540
531
515
506
510
534
550
543
517
504
518
534
547
530
505
482
476
500
512
506
499
482
481
503
515
520
517
500
487
494
518
525
510
490
483
492
506
510
508
496
489
511
541
570
592
609
636
668
678
676
657
616
562
530
510
490
459
435
426
462
492
508
504
481
473
479
483
484
487
471
459
462
474
488
496
485
476
472
484
503
512
495
480
479
489
513
518
531
523
496
491
511
524
516
499
486
501
523
530
523
501
481
483
506
531
532
515
500
509
530
543
534
528
525
530
539
554
556
551
539
527
547
562
561
546
522
521
535
557
568
550
524
522
536
564
568
547
520
515
524
531
544
526
500
497
511
517
522
500
470
450
444
462
468
468
450
432
440
449
456
459
443
427
432
449
460
458
464
469
462
474
496
501
486
469
465
469
478
487
482
460
456
471
501
510
503
493
481
485
497
511
501
478
469
482
507
533
536
504
497
503
515
523
518
506
488
485
505
531
530
508
498
493
498
513
518
510
493
483
493
514
530
516
497
487
499
524
511
500
492
494
507
513
519
519
507
489
504
514
522
526
509
496
495
507
527
531
521
501
492
511
525
518
506
486
483
500
526
538
517
499
494
517
520
509
501
506
503
507
520
521
503
491
496
506
527
531
534
509
495
512
524
526
520
502
483
482
500
520
517
510
495
482
506
526
520
511
481
470
502
527
541
530
501
491
504
527
547
535
511
504
520
519
522
507
499
502
529
548
541
521
510
496
488
503
512
514
508
505
514
524
528
526
508
498
499
513
532
528
521
508
515
527
532
534
519
494
484
506
527
530
513
498
498
515
537
545
532
510
498
511
543
567
553
531
516
516
525
537
536
519
512
508
522
521
506
490
489
489
508
519
507
487
477
485
508
520
520
501
476
485
504
522
524
511
495
493
503
528
548
547
531
550
591
640
666
652
624
614
599
586
574
533
478
440
449
462
477
484
472
462
467
485
504
489
470
460
466
487
500
505
484
473
471
491
511
516
499
476
482
508
525
523
511
488
482
493
514
530
511
503
493
500
521
532
526
508
481
479
515
530
524
509
491
502
522
546
550
521
514
520
543
562
549
540
526
521
532
551
566
553
529
534
544
560
569
558
539
520
530
550
557
542
528
527
540
559
567
551
524
499
506
519
512
517
496
467
463
480
496
483
460
431
427
448
464
463
441
417
420
450
475
483
467
457
448
465
481
496
493
466
457
474
485
493
484
461
461
473
495
499
477
456
450
469
504
532
520
502
492
489
499
524
525
502
480
484
491
505
515
501
486
494
507
524
526
500
484
485
499
508
515
512
500
499
508
527
530
525
501
485
504
527
543
535
500
484
489
514
523
508
505
492
491
511
523
515
499
491
489
506
525
519
495
477
497
519
525
517
495
477
481
505
526
530
510
489
483
503
520
530
513
496
494
503
518
522
523
504
491
502
522
518
502
497
499
513
542
544
528
504
494
498
508
519
518
507
494
499
516
535
533
513
487
487
508
524
525
516
494
494
515
529
537
529
509
497
505
530
530
524
506
495
507
518
528
521
507
496
504
519
525
518
496
485
495
526
542
543
515
494
508
522
537
533
514
496
503
521
532
526
511
495
491
507
516
521
511
491
503
519
539
538
516
501
504
516
529
546
533
520
505
516
544
552
537
517
503
504
516
539
539
520
493
486
503
507
500
498
484
490
508
520
514
506
499
492
508
516
521
503
485
483
495
519
523
509
488
488
518
542
566
591
612
642
663
672
686
673
612
557
527
507
480
454
432
431
453
481
501
498
486
461
460
480
499
487
473
473
476
489
505
501
503
490
479
489
500
505
498
486
486
495
519
520
505
490
485
491
502
512
496
479
473
486
518
546
541
521
511
500
506
518
535
530
522
517
535
539
547
526
511
521
545
547
542
532
520
516
534
559
571
554
538
545
564
569
569
565
551
538
549
555
564
551
530
521
522
543
545
530
502
481
476
493
501
484
462
441
441
458
472
470
448
443
447
453
467
464
447
433
441
456
476
475
455
433
432
458
485
497
493
466
463
473
484
492
481
459
455
475
494
510
491
474
476
479
493
506
510
489
476
484
496
504
495
480
472
481
502
517
517
503
482
481
502
530
536
518
486
483
496
518
523
511
488
485
495
522
517
502
483
473
488
519
523
515
498
488
494
505
512
499
491
484
495
515
524
512
495
487
497
514
540
526
502
486
494
518
522
516
495
491
498
522
532
529
506
487
480
507
527
533
526
502
477
499
520
529
516
499
498
501
513
531
536
