596
599
582
557
539
558
470
469
467
465
463
464
479
489
487
492
490
483
494
503
503
497
483
483
490
511
528
524
512
503
510
522
526
524
510
501
513
531
547
546
536
525
519
527
536
533
531
521
520
533
548
558
554
541
537
542
559
580
591
575
548
551
559
567
557
550
531
520
533
531
506
488
471
464
476
480
469
458
445
430
442
459
462
447
432
427
441
461
473
456
435
434
439
445
452
444
431
426
436
467
491
479
472
481
497
508
522
516
507
510
512
521
525
511
487
470
470
480
480
490
478
467
466
472
482
472
460
447
453
480
503
505
485
460
467
502
518
515
504
495
499
501
500
500
497
485
480
492
502
512
512
503
492
489
508
517
512
506
491
505
526
533
521
504
496
501
505
509
504
492
486
479
495
511
506
495
493
494
492
504
510
493
473
475
499
509
498
475
466
471
477
492
491
480
483
476
486
506
531
534
505
482
481
498
514
510
495
475
482
496
515
513
505
494
488
496
515
520
501
492
498
504
496
492
483
475
485
505
518
511
488
483
491
505
517
526
517
506
515
516
512
521
514
496
492
486
499
518
517
504
497
495
509
528
517
502
497
498
505
503
509
505
498
494
515
531
523
504
488
486
494
502
505
505
489
483
490
504
511
498
485
472
477
484
508
514
507
505
506
506
517
525
517
504
515
533
540
524
506
515
520
534
539
518
510
504
495
505
509
502
489
478
473
472
475
486
484
478
473
479
497
494
479
468
470
481
491
501
500
498
489
486
513
539
550
556
577
616
659
699
697
685
664
631
610
571
542
504
472
459
460
473
472
470
462
456
457
467
466
465
462
446
464
476
480
472
471
472
478
486
494
474
465
463
474
494
506
508
492
476
490
508
517
500
481
482
475
483
498
502
492
490
495
503
498
509
509
503
508
516
530
529
519
500
483
497
530
540
532
529
533
560
576
573
565
556
550
554
567
582
580
562
540
541
571
583
563
540
531
524
544
548
534
505
490
492
501
508
507
486
471
471
470
482
491
478
459
457
468
485
488
473
469
464
463
475
482
479
480
467
465
476
484
467
451
456
469
499
515
505
491
489
492
496
513
511
504
508
509
521
524
517
504
488
486
502
516
522
511
496
492
506
517
518
513
492
477
488
510
518
499
479
468
460
473
498
510
505
497
498
509
521
513
511
506
504
510
515
518
500
481
474
493
499
491
480
472
488
503
502
494
486
467
464
499
514
518
505
490
485
487
490
494
488
470
454
466
484
498
507
510
499
486
492
511
509
502
490
486
493
508
522
515
512
505
513
525
531
512
497
501
505
507
512
500
482
483
507
521
529
509
490
486
490
493
496
510
513
517
519
523
532
516
498
499
517
525
529
524
499
476
480
496
512
512
503
489
487
501
506
500
492
484
495
501
520
528
505
487
494
504
516
520
509
493
490
517
527
523
511
487
482
496
526
540
520
501
491
521
546
553
547
547
535
538
546
556
554
538
516
515
516
527
533
508
483
472
476
483
493
486
483
483
501
527
527
510
499
493
503
512
507
496
493
488
487
498
495
480
465
465
478
497
499
493
494
500
494
520
583
622
654
645
635
654
649
593
534
489
454
442
439
443
439
438
441
451
468
469
463
447
453
483
497
483
468
461
457
486
505
500
485
481
472
474
488
496
491
476
470
478
507
529
526
505
478
476
494
507
515
506
499
495
512
529
525
514
496
496
507
526
523
512
499
487
497
516
527
524
503
501
511
544
544
529
520
509
507
535
534
515
505
494
518
514
530
535
521
510
509
510
513
505
483
467
463
472
486
481
462
447
438
443
456
455
441
427
418
425
453
480
474
450
441
445
458
458
445
436
422
426
443
454
448
434
431
442
462
482
483
483
460
451
462
475
483
486
464
471
509
527
520
501
485
473
495
514
511
510
501
504
494
494
503
523
525
517
527
545
564
558
523
520
529
538
542
527
520
519
512
530
549
547
535
523
520
535
553
545
549
523
508
514
540
541
535
525
519
521
532
524
505
496
495
510
523
548
547
528
510
515
523
528
528
515
504
525
557
577
576
575
568
578
598
604
602
594
583
584
590
595
581
574
554
553
560
560
542
546
542
540
535
545
548
528
521
517
515
524
522
497
484
492
513
525
523
512
495
481
490
497
495
484
469
465
479
489
499
485
472
458
469
473
474
457
448
443
452
449
447
454
456
447
457
480
477
476
473
466
464
471
485
495
484
467
476
480
480
493
493
490
501
540
591
609
611
603
597
589
580
561
531
488
445
445
455
457
455
461
460
464
478
486
491
483
475
463
471
501
509
483
468
473
488
501
502
499
491
486
489
500
508
502
488
491
501
509
523
509
483
482
496
518
528
504
494
492
501
513
531
538
529
519
513
515
524
522
508
507
512
531
541
545
542
523
508
533
558
563
553
538
531
546
566
572
559
549
539
539
539
553
552
531
517
521
541
540
537
528
499
507
523
529
517
497
472
472
498
499
490
475
463
466
483
496
483
465
443
452
481
506
513
496
482
472
474
492
491
495
483
472
476
494
507
514
510
494
497
524
538
538
526
511
507
531
548
549
536
531
528
541
560
549
529
527
536
542
551
542
527
515
518
533
554
550
520
507
512
518
517
515
507
502
497
513
540
536
523
510
510
513
529
539
520
515
502
505
537
549
531
500
499
513
530
537
523
508
513
521
523
523
515
505
497
502
508
530
540
527
516
506
502
512
518
504
498
500
512
529
527
525
515
500
509
535
548
543
526
507
513
526
527
512
500
504
503
508
507
514
512
505
511
516
522
522
513
509
517
535
547
550
525
515
528
550
550
542
529
514
503
499
501
499
487
477
479
496
519
528
529
519
514
527
545
547
536
526
504
487
500
513
492
473
485
503
521
529
514
490
480
491
506
528
546
567
578
580
588
601
596
562
529
496
472
464
451
439
432
445
460
480
487
474
464
473
476
479
486
482
462
446
465
493
495
474
458
456
479
496
514
508
505
500
502
497
508
521
518
508
493
503
523
510
477
469
486
515
536
536
527
514
505
516
534
546
542
534
535
563
593
604
588
582
569
576
585
600
584
566
559
561
562
567
558
536
527
540
559
568
560
547
527
510
519
537
540
528
514
514
523
522
513
494
492
499
510
521
523
514
506
506
512
517
511
499
477
468
481
491
477
472
477
474
476
483
481
480
479
484
477
480
501
498
480
467
467
482
492
495
493
489
491
506
519
529
524
520
518
522
525
519
513
495
491
508
521
525
525
512
502
512
533
545
545
525
513
509
513
523
505
497
498
499
517
531
530
522
503
505
519
536
519
496
483
503
515
517
508
497
485
483
500
520
523
510
492
492
506
518
515
504
477
471
481
491
502
502
516
484
472
487
489
478
475
464
458
489
515
507
497
485
476
483
496
508
511
497
493
499
509
505
484
470
474
490
513
522
512
492
489
492
504
513
497
483
465
488
513
522
516
499
496
521
537
545
542
528
519
524
536
537
525
509
503
515
525
529
522
519
507
491
503
524
513
498
477
475
486
501
494
485
466
482
496
501
505
491
476
472
481
507
520
518
505
489
493
511
525
522
509
509
513
525
518
493
480
484
480
484
500
491
504
492
503
516
521
517
503
494
498
518
522
520
516
504
509
523
541
545
526
516
515
522
540
552
530
493
472
486
490
475
468
475
477
504
501
499
490
479
471
474
477
476
473
480
469
466
470
484
507
516
510
530
541
556
581
592
602
616
621
638
643
609
572
544
518
491
471
455
449
464
488
500
510
505
501
502
505
512
527
505
487
476
485
506
525
521
508
489
489
506
519
501
486
475
477
502
515
506
486
474
476
482
492
510
515
506
500
509
527
534
517
491
480
499
516
531
523
520
513
516
524
529
529
519
515
510
526
535
525
516
517
532
546
545
538
533
534
530
525
539
552
551
546
548
553
561
554
534
524
515
514
548
544
527
503
488
486
490
485
470
451
441
463
486
491
475
451
445
456
463
479
475
458
460
478
498
508
498
481
488
503
522
538
537
528
504
487
501
515
515
500
491
490
492
513
513
498
478
467
481
498
532
527
518
512
513
528
536
534
522
518
538
550
555
555
536
519
509
519
532
529
508
490
497
509
530
520
506
492
485
507
524
530
517
509
513
524
532
531
524
507
489
496
522
537
537
511
504
514
522
549
537
515
502
513
514
526
531
517
482
472
491
511
503
495
482
480
502
513
511
509
510
515
517
525
528
525
522
519
515
523
533
514
494
506
523
537
543
533
509
501
530
549
558
543
523
516
528
543
538
533
523
510
516
531
533
522
515
512
519
526
526
518
511
504
504
516
537
546
539
532
526
540
539
535
518
501
501
508
513
516
512
492
485
499
508
503
503
486
479
498
507
518
513
488
479
489
496
500
487
478
467
480
499
517
527
531
528
535
560
581
588
594
604
614
622
623
604
557
497
455
445
451
468
465
463
467
468
482
500
499
479
468
475
484
488
488
479
476
485
502
518
513
496
500
511
525
528
515
499
481
480
492
502
513
509
500
503
513
528
528
514
497
500
513
521
532
532
516
506
528
548
559
550
542
535
537
538
550
546
536
518
520
540
547
543
537
523
525
534
546
567
557
535
535
550
569
564
544
526
519
535
542
538
513
504
505
503
501
495
481
464
452
453
466
465
460
451
445
456
473
473
461
449
446
460
470
481
481
474
458
465
478
492
491
475
470
477
486
504
506
494
480
480
497
514
513
504
495
479
478
496
503
484
471
476
492
504
507
492
478
490
504
524
529
503
477
479
499
520
526
524
513
504
509
512
513
507
494
489
494
505
505
490
481
483
487
511
534
531
521
510
493
481
496
516
507
495
495
503
519
522
509
498
493
492
511
515
513
504
485
485
508
523
512
487
482
499
516
538
537
520
503
494
509
526
522
505
499
504
524
527
523
511
503
494
502
515
523
515
498
511
516
524
527
532
527
533
540
534
540
532
519
512
521
527
517
516
504
496
501
504
499
487
481
474
474
495
515
519
505
504
502
506
512
510
501
494
507
507
502
503
506
498
492
497
511
521
515
520
522
533
555
573
593
599
609
631
647
637
606
563
530
500
478
469
478
476
465
472
491
501
494
488
477
467
482
495
510
504
491
486
493
508
507
497
473
479
498
526
531
507
491
487
504
516
524
507
502
503
500
512
517
505
499
493
492
520
527
526
509
510
520
522
534
532
518
504
514
523
533
541
532
521
522
527
538
542
527
521
518
525
556
570
559
533
529
541
547
556
545
521
514
515
530
535
521
513
506
504
517
518
491
472
464
471
482
485
476
467
464
465
477
492
472
446
433
442
470
489
483
484
472
465
468
482
486
477
463
463
473
487
485
489
486
466
476
490
495
489
485
480
486
507
517
506
496
486
484
503
516
511
501
491
493
502
506
501
498
494
490
488
509
509
494
485
490
500
516
516
505
489
479
488
508
530
524
500
494
509
519
509
501
496
483
491
510
520
513
506
506
502
498
504
503
492
475
474
482
507
526
524
507
509
513
522
525
513
495
495
500
504
516
517
504
496
517
525
522
504
506
493
504
522
524
512
507
514
509
517
523
506
499
499
505
520
525
515
508
494
485
501
510
511
514
511
511
512
525
529
513
502
500
510
518
526
518
503
493
496
515
523
504
495
491
498
506
509
506
497
490
496
504
510
503
497
499
507
541
560
556
537
513
515
527
538
529
513
514
517
525
539
532
510
495
481
496
510
505
498
487
486
498
510
518
507
489
484
502
517
526
517
487
466
478
505
509
509
504
497
513
530
547
550
544
557
586
620
634
626
622
609
584
573
559
531
485
456
464
487
498
490
478
475
477
497
512
515
500
485
467
472
492
501
496
480
478
492
509
522
515
501
485
483
492
505
508
511
512
515
519
524
516
499
495
502
510
532
528
511
496
497
506
513
515
511
496
498
521
535
534
521
506
506
531
532
534
539
526
514
523
529
530
530
520
516
535
554
560
543
519
520
526
537
546
548
533
512
509
523
534
528
508
482
488
503
513
511
496
459
453
469
478
480
465
447
442
445
456
467
468
454
441
444
468
478
484
470
464
475
494
512
493
463
460
468
480
501
500
487
479
478
492
506
507
487
470
476
502
531
526
508
482
483
490
509
512
500
491
489
511
537
528
512
492
483
493
515
525
515
504
486
494
511
521
507
487
483
509
528
534
515
496
497
491
498
502
511
529
512
506
517
524
516
508
503
492
494
528
536
516
494
492
504
517
517
509
489
480
495
507
521
526
501
488
503
507
511
507
485
481
491
512
520
507
487
486
492
506
519
511
494
476
482
493
507
511
497
485
492
497
508
514
501
486
484
488
511
530
515
480
479
500
521
535
528
518
515
514
527
527
511
496
495
500
520
542
524
493
474
483
498
502
504
500
492
489
499
511
510
499
504
512
521
535
535
521
500
495
517
529
530
507
497
491
500
515
510
500
488
487
501
526
534
508
494
485
486
513
533
529
520
499
495
508
516
509
498
481
491
524
539
529
501
492
502
509
519
525
499
479
486
508
524
530
517
495
486
499
507
505
499
486
480
495
505
517
517
502
498
509
515
527
525
520
509
499
489
518
531
526
516
517
529
548
548
531
510
507
520
539
539
528
512
500
499
512
515
499
481
479
489
507
498
495
491
485
492
512
523
516
500
490
504
524
536
520
508
498
501
501
524
536
527
522
547
591
641
661
646
629
602
575
554
529
495
466
462
473
490
500
486
475
470
478
487
486
476
466
465
470
480
483
489
477
475
485
501
505
499
497
479
483
512
532
524
497
489
490
489
495
508
505
483
489
503
510
512
507
487
490
509
527
517
518
499
487
496
510
520
529
505
489
497
527
537
531
522
529
540
550
554
542
526
515
523
537
547
544
525
522
529
555
560
539
530
526
514
515
523
514
518
498
490
499
508
506
489
474
478
480
485
486
474
463
459
459
470
476
477
468
464
473
476
479
468
459
464
479
488
502
489
479
461
467
485
502
507
494
480
477
495
510
507
494
481
483
494
513
523
499
486
481
489
506
507
500
482
478
488
509
524
521
503
492
501
524
537
514
489
481
499
525
542
532
517
501
489
502
516
516
508
503
500
517
524
514
509
492
493
510
519
513
497
479
497
525
531
526
511
497
491
500
512
506
492
495
493
489
509
512
521
512
501
497
511
525
521
505
495
506
511
510
509
505
500
507
517
526
520
504
496
509
522
531
528
515
500
498
509
522
520
506
489
479
486
511
525
520
509
490
498
518
521
510
499
499
507
526
544
535
513
507
510
523
527
514
502
491
499
516
534
538
506
488
488
503
524
520
494
487
495
515
534
545
535
519
514
526
535
542
528
512
506
503
509
524
533
525
498
507
524
524
524
506
493
494
509
523
510
503
500
506
523
534
533
523
498
496
515
522
526
508
497
497
505
514
513
517
510
501
515
527
531
515
492
492
510
520
529
522
499
485
493
507
522
518
503
513
527
534
525
519
490
486
513
534
549
548
535
529
533
534
541
540
521
508
508
502
515
504
489
493
491
505
525
518
493
475
463
493
525
525
508
501
490
494
517
522
511
494
486
505
512
518
527
538
536
545
578
615
637
627
609
617
633
628
595
553
515
489
469
466
483
481
479
480
487
492
504
503
493
482
481
494
505
500
477
466
474
494
509
504
495
491
505
520
504
493
491
486
492
514
524
514
502
488
499
514
519
516
504
498
503
520
533
533
518
500
508
520
537
549
527
504
510
517
529
543
533
522
524
534
548
552
551
540
530
534
550
553
550
533
526
534
547
554
552
542
539
535
540
549
543
520
517
521
525
531
513
494
482
477
493
496
490
476
468
466
463
474
484
465
452
447
449
460
468
485
477
466
467
477
485
485
470
457
463
479
498
494
488
484
480
488
514
512
489
476
480
497
515
518
509
496
498
501
515
519
508
492
484
502
515
524
514
504
506
504
513
543
534
517
503
520
524
519
518
503
493
491
500
514
521
510
500
501
508
515
504
497
507
517
525
543
538
522
501
498
511
523
524
516
500
491
508
528
532
523
500
484
498
516
526
516
506
489
489
503
518
520
520
501
510
512
518
512
504
510
512
533
535
520
503
478
483
508
522
529
520
499
496
503
509
523
503
489
497
510
531
539
512
488
480
505
527
531
519
503
496
497
513
528
526
509
499
508
517
515
510
495
494
496
521
524
517
509
499
499
506
516
520
510
498
507
516
520
515
513
499
489
502
524
526
508
493
486
496
514
527
528
513
512
513
513
517
515
505
495
503
508
516
517
500
493
498
508
517
512
492
490
505
517
523
516
496
487
491
508
525
528
503
484
488
493
504
524
531
514
504
508
515
525
517
508
497
521
536
538
535
515
506
512
537
546
532
499
482
490
500
506
505
489
482
482
499
517
522
505
481
487
501
515
520
507
492
494
512
529
525
507
501
508
526
546
546
544
555
577
607
640
661
653
631
599
576
551
514
483
457
447
462
483
505
496
477
471
483
505
510
514
496
478
472
490
506
518
507
491
489
511
522
518
501
481
475
489
504
512
505
490
497
522
536
546
533
523
516
534
546
557
549
525
518
530
559
563
555
539
531
541
544
551
554
551
531
514
524
546
547
551
538
533
546
547
555
558
554
559
556
572
581
576
555
544
543
546
560
552
537
534
548
544
534
520
504
497
493
500
502
481
465
459
462
472
495
487
466
438
443
476
491
487
479
468
464
486
508
503
477
457
463
476
492
502
491
471
458
460
482
497
493
480
478
498
514
521
509
486
477
489
502
503
508
501
488
488
503
520
509
498
493
497
515
527
516
507
502
507
522
524
523
510
494
492
504
525
535
523
494
486
502
513
511
506
503
500
505
521
526
513
499
487
491
506
524
522
512
491
497
516
527
520
508
492
487
501
522
518
514
505
494
506
523
515
503
499
497
498
513
514
499
484
489
504
521
530
515
503
491
496
509
515
508
496
482
477
492
504
494
483
475
489
514
518
530
519
500
502
517
526
522
502
499
504
520
532
528
519
493
487
499
523
525
511
494
493
506
521
523
526
507
495
505
512
526
520
509
495
511
530
525
520
512
502
501
511
517
510
497
490
496
507
521
516
514
523
508
516
534
528
513
495
490
490
497
503
504
498
499
506
517
520
506
489
484
489
497
518
529
520
514
525
534
524
515
514
509
511
526
540
542
512
488
485
501
511
491
484
469
477
504
518
507
490
486
492
500
518
509
495
478
480
505
527
539
518
489
468
474
496
523
545
545
530
556
604
645
661
640
619
623
617
596
552
501
464
451
464
479
481
464
454
467
480
490
481
476
466
470
471
490
508
506
479
475
485
497
496
492
489
490
491
502
508
502
489
487
497
512
522
510
479
465
486
502
524
514
488
471
475
502
515
517
510
491
496
521
532
528
519
522
522
524
531
529
516
501
503
526
542
545
540
522
514
521
543
546
536
533
528
539
549
550
534
525
529
532
540
544
529
504
490
495
500
502
501
480
464
462
464
475
464
439
428
432
444
463
463
448
442
441
466
485
478
466
455
456
461
474
484
468
456
461
465
485
496
485
468
453
469
480
485
484
465
451
474
490
502
495
491
486
486
496
509
504
494
483
477
481
501
523
504
472
478
501
517
515
517
494
475
481
493
500
493
482
476
495
513
516
504
479
474
492
507
524
516
495
480
498
514
515
508
503
490
491
503
518
506
488
470
470
500
528
523
497
480
490
505
515
519
519
497
488
498
519
516
501
502
508
514
519
514
499
483
492
505
516
520
512
490
483
494
508
510
505
485
475
487
511
519
527
513
496
496
505
520
512
497
483
489
499
521
526
510
496
486
490
508
525
515
497
502
512
522
522
505
493
498
500
497
508
503
495
486
487
501
516
524
511
493
501
518
528
518
499
484
487
513
524
514
499
492
495
514
524
512
495
485
485
496
514
517
506
499
496
496
519
524
506
495
492
487
499
506
502
493
478
488
505
515
506
490
487
491
494
519
521
506
495
508
527
537
533
518
505
492
496
512
531
528
519
515
520
537
529
511
494
492
495
500
503
492
482
487
493
498
502
501
485
481
496
508
517
504
487
473
472
498
521
507
486
468
470
486
501
506
512
516
531
547
585
605
612
609
614
637
656
634
584
532
502
487
475
461
453
448
449
457
476
479
472
462
458
465
491
513
510
484
474
478
498
518
505
483
463
476
501
521
510
479
467
457
495
512
502
487
480
485
499
511
512
508
488
486
519
544
538
524
500
505
513
519
530
513
496
487
506
532
539
516
494
491
503
525
539
531
521
516
531
546
554
551
544
530
530
542
556
555
542
524
521
530
554
547
527
528
511
506
513
517
506
475
454
455
467
472
467
451
441
454
476
477
465
448
433
425
431
460
471
460
448
463
480
481
472
455
434
449
472
471
465
448
440
452
449
458
476
477
467
465
475
482
492
481
472
471
477
493
498
485
469
473
483
500
507
490
480
474
481
495
500
494
477
462
470
499
517
504
486
475
488
504
512
511
495
481
478
492
513
515
498
489
488
500
511
523
507
485
487
508
525
533
508
494
492
496
531
533
519
494
479
482
500
518
508
490
479
491
521
536
527
502
491
500
512
525
522
506
505
504
506
513
513
517
506
502
514
536
532
517
509
490
507
532
532
515
500
499
517
533
539
532
515
507
506
530
537
517
500
489
505
528
524
514
497
499
504
513
518
515
510
504
501
514
531
524
501
492
503
514
533
535
513
503
504
505
512
514
510
494
491
511
530
533
519
497
489
510
523
520
510
494
502
509
520
537
538
513
494
508
522
536
537
511
490
491
506
518
523
515
495
498
510
527
524
497
483
490
508
523
527
519
496
501
515
518
529
522
503
496
516
541
550
540
531
525
531
541
551
539
531
526
521
527
539
533
508
487
500
522
518
511
498
485
496
506
521
520
512
493
491
501
512
512
507
498
501
519
526
528
514
504
517
531
559
602
620
619
617
620
639
652
628
581
529
501
486
471
457
450
447
455
487
509
507
490
480
487
497
494
494
483
478
496
516
526
517
503
486
489
505
514
506
498
488
475
479
494
502
507
506
493
496
515
525
523
498
491
512
525
531
520
513
505
510
527
543
559
542
512
512
520
541
527
505
490
509
527
545
548
549
541
526
539
569
573
563
554
547
551
565
570
559
542
532
526
529
550
558
541
516
495
517
523
517
492
466
461
480
488
492
471
453
448
463
465
461
456
442
440
452
470
479
481
453
454
458
469
489
476
457
453
458
481
491
472
454
476
487
498
506
505
477
474
480
502
524
515
495
480
475
492
508
502
483
480
498
529
537
528
516
493
483
500
528
530
521
499
499
513
518
522
511
490
485
496
518
524
517
504
484
501
525
536
524
506
498
492
497
513
521
511
498
503
521
524
514
499
491
494
518
533
514
492
485
484
497
517
514
506
494
489
502
519
525
512
494
484
499
527
534
514
508
499
491
504
516
507
486
489
504
522
526
515
504
499
492
507
530
535
508
496
506
515
528
521
494
493
500
510
527
530
516
504
489
500
512
510
513
507
513
530
535
528
521
508
488
496
521
533
518
495
492
500
514
524
522
515
503
490
499
512
515
508
500
505
524
541
529
514
487
502
527
525
525
512
499
495
514
527
529
517
503
495
510
520
521
520
496
476
489
502
511
499
496
497
512
522
531
526
508
491
484
494
521
520
500
495
510
521
532
528
515
511
509
524
535
523
511
495
500
521
528
524
510
502
502
499
507
513
499
485
485
492
504
508
494
487
488
495
504
522
521
504
494
498
506
513
497
488
487
493
516
528
525
520
501
507
556
605
632
640
633
634
641
635
616
584
548
505
467
455
464
468
457
460
475
493
502
490
481
484
485
501
501
491
465
455
484
510
511
508
487
469
475
497
512
516
499
485
484
509
527
524
506
490
493
512
525
525
514
502
503
515
520
526
509
501
490
502
517
519
519
514
512
520
541
549
544
544
526
517
536
557
548
540
525
530
556
570
564
535
525
540
552
555
561
551
534
530
544
552
534
512
495
494
515
537
528
504
474
474
474
481
486
474
455
451
460
469
472
463
439
436
441
457
469
473
459
449
452
465
481
492
486
471
450
463
494
494
476
461
463
481
503
508
498
481
487
495
514
504
499
500
488
493
515
526
517
494
478
493
512
509
506
495
491
509
533
523
505
499
500
511
525
534
526
510
497
503
518
528
516
515
516
516
510
516
511
505
496
496
504
516
516
515
501
503
504
516
529
526
513
498
503
523
532
509
488
490
510
534
533
519
502
495
494
510
518
517
501
491
493
513
526
511
492
472
502
527
545
546
533
511
505
519
516
515
516
499
486
506
538
541
520
497
500
492
502
511
511
489
485
507
521
525
521
510
500
510
524
531
528
503
491
500
520
531
540
526
497
491
500
520
527
522
500
495
501
513
517
505
496
497
508
525
540
534
515
495
506
532
540
533
509
494
509
521
528
513
492
487
509
523
536
535
511
495
507
509
510
531
517
496
507
518
538
534
508
501
506
523
526
521
505
490
491
502
524
530
511
502
502
499
518
532
519
509
507
507
510
509
524
531
513
518
525
525
525
505
503
518
525
532
524
511
509
524
535
547
550
539
518
512
520
532
530
516
496
496
527
532
517
492
483
475
492
521
525
506
490
476
483
499
519
513
490
475
492
514
525
516
496
490
496
511
543
553
552
557
594
629
665
665
649
630
611
592
576
528
478
441
434
457
475
487
487
467
469
480
496
504
489
470
475
494
510
512
504
487
487
488
503
517
513
493
487
493
512
519
515
503
496
492
506
524
519
499
483
482
503
522
517
501
491
494
516
531
528
517
493
494
497
515
542
548
522
514
524
543
552
547
530
507
509
529
545
539
532
531
530
541
555
546
534
530
541
543
554
564
549
527
523
536
540
539
522
502
489
492
511
503
476
467
457
461
474
486
481
458
437
450
469
464
461
470
449
454
477
481
472
465
454
458
474
487
485
471
467
466
482
495
496
473
464
478
500
501
499
477
479
491
501
500
498
499
478
480
500
517
520
508
496
490
496
525
530
517
498
490
493
528
539
519
514
505
503
525
532
516
496
474
472
500
520
511
495
474
480
495
509
505
495
481
479
500
526
525
503
482
480
498
523
521
500
473
471
489
507
528
518
492
477
478
497
509
501
499
491
489
509
512
503
490
489
488
505
527
532
513
501
503
515
529
514
496
491
498
515
533
538
522
507
489
508
530
529
501
479
489
512
532
528
495
473
475
497
518
523
515
516
498
498
515
525
517
507
487
491
510
527
529
517
495
502
520
526
515
492
476
485
492
515
524
507
486
480
501
525
536
522
499
497
505
522
524
515
499
487
499
