499
531
530
486
434
430
465
499
531
530
486
434
430
465
513
502
492
485
483
492
517
538
551
509
476
477
516
557
557
521
481
466
481
518
531
517
481
466
500
546
553
541
524
515
536
588
640
645
640
626
633
672
675
638
569
502
464
461
475
472
445
422
446
503
535
524
486
452
460
482
508
505
473
458
455
484
517
523
496
463
454
468
509
529
508
479
474
495
532
556
543
507
475
481
513
532
514
471
451
481
536
569
550
504
473
504
538
556
563
533
496
499
538
569
559
531
503
503
538
574
578
546
510
508
538
580
600
572
537
510
526
560
573
557
511
489
502
535
557
551
512
483
486
517
530
522
483
452
445
466
493
492
462
431
418
444
476
472
442
402
397
433
478
473
448
419
407
437
469
488
475
436
416
437
475
491
476
441
428
453
493
510
494
463
444
449
481
498
514
484
452
461
488
522
525
493
465
472
498
526
531
503
486
478
502
530
529
505
473
462
490
517
528
509
475
459
477
513
526
511
483
451
463
504
532
543
516
489
493
522
543
535
488
459
464
492
521
526
492
466
465
492
529
531
512
477
466
499
535
555
537
502
493
510
544
567
548
512
491
501
539
561
548
506
485
500
536
550
544
513
492
503
545
570
566
527
498
496
534
567
563
523
491
496
529
560
569
536
507
502
533
571
569
535
497
483
510
548
556
529
489
486
505
539
556
537
510
500
524
555
560
546
521
497
510
533
550
545
506
472
475
514
535
526
502
477
485
513
532
535
495
459
462
503
552
550
517
489
475
485
523
538
517
480
476
501
536
545
515
479
469
485
516
536
517
472
456
466
513
544
532
498
476
483
521
555
546
503
463
470
531
568
565
532
499
487
511
553
562
534
501
486
512
541
546
519
468
445
460
507
536
520
478
463
465
498
532
508
462
451
478
512
541
531
499
470
484
519
546
536
493
465
468
507
546
561
551
547
586
647
694
688
663
628
585
571
569
532
472
421
418
442
494
523
510
472
441
454
489
504
490
467
450
457
488
523
512
481
458
475
509
519
501
473
459
465
510
551
549
513
478
470
495
535
543
518
483
481
504
530
528
501
475
486
518
548
556
532
485
459
506
552
571
560
520
485
499
552
568
555
527
508
522
556
580
576
541
508
513
541
571
576
555
524
523
551
584
588
555
526
519
534
547
551
535
496
467
482
517
526
495
456
428
430
463
486
469
438
424
434
468
490
479
444
419
421
462
496
492
448
422
417
445
494
506
473
447
448
470
500
502
475
451
446
471
501
511
490
457
460
499
534
542
512
481
465
478
509
522
501
468
459
480
521
551
546
502
474
491
532
560
552
509
467
474
512
534
535
516
489
489
528
549
542
511
468
457
495
543
574
536
483
473
495
530
544
524
480
470
491
516
529
539
518
489
498
534
548
532
499
483
477
506
542
539
510
479
493
526
543
534
504
474
465
496
534
544
507
468
466
506
544
544
516
487
474
505
542
547
521
476
452
484
541
569
557
517
482
493
522
541
537
506
478
489
527
547
531
487
468
487
529
558
548
503
476
484
529
564
565
524
476
463
494
532
541
511
479
483
515
537
540
506
469
476
511
550
551
521
495
483
497
545
564
542
501
466
483
538
563
553
513
480
474
509
545
540
502
470
478
520
558
560
524
482
466
498
540
548
525
502
497
518
555
561
526
483
464
494
546
556
545
532
516
530
561
569
553
515
490
502
536
563
543
497
473
468
493
524
519
482
457
468
502
531
535
508
471
471
515
557
556
523
485
475
489
517
531
518
484
471
490
524
547
555
568
591
636
687
708
695
656
607
578
568
540
494
431
397
416
468
505
512
475
442
443
482
517
522
488
458
452
478
512
519
490
465
461
481
515
529
506
464
449
461
510
532
512
487
474
494
531
558
544
506
482
485
513
536
529
502
482
488
530
560
548
517
486
490
519
541
538
512
497
511
537
555
559
545
522
517
537
560
574
560
532
522
535
574
592
564
530
521
538
566
579
561
518
496
507
546
558
534
491
461
471
513
536
514
471
433
428
451
478
481
451
422
420
446
473
468
437
407
413
443
477
481
457
434
441
464
494
515
491
454
446
468
500
519
504
474
455
468
495
517
484
453
452
472
511
536
535
498
468
463
495
537
543
505
475
478
516
540
532
496
466
470
501
529
528
498
469
472
498
521
521
486
462
460
497
555
571
543
503
489
499
531
552
531
485
465
467
497
517
517
505
488
487
506
526
521
492
481
479
515
551
549
532
491
485
524
551
545
499
464
481
502
533
564
534
493
472
491
522
532
507
460
439
470
516
532
508
471
446
460
520
542
522
490
467
473
505
544
553
510
477
474
495
521
507
481
457
457
484
519
532
505
466
454
479
528
540
507
474
473
496
524
532
508
470
451
491
523
535
521
487
464
475
510
533
510
469
458
476
521
558
553
512
485
491
519
532
531
505
494
509
541
568
577
548
502
493
511
538
545
519
484
482
511
536
543
501
462
454
493
534
549
527
484
462
478
527
549
545
503
470
476
510
530
523
497
473
472
518
534
529
516
507
521
563
630
677
673
644
630
668
691
658
592
520
470
460
481
487
468
438
430
449
491
515
503
467
442
460
494
529
529
493
470
474
505
535
540
507
473
479
515
542
537
504
474
475
505
535
529
493
482
487
512
543
547
520
492
482
501
528
546
531
501
497
515
548
563
546
505
483
503
535
555
549
516
498
513
549
552
549
522
509
529
568
602
595
574
548
544
573
593
585
550
511
504
535
565
567
553
512
495
514
538
555
520
469
432
449
493
518
502
462
436
446
480
493
474
434
413
432
475
502
489
447
419
438
471
492
501
486
453
452
487
518
524
495
467
462
475
503
508
481
451
459
489
529
538
504
472
457
484
526
543
538
496
463
477
531
566
550
501
476
480
510
535
526
503
487
479
512
540
532
501
474
473
501
542
552
524
489
481
503
548
570
531
484
473
499
535
537
506
480
476
489
520
531
517
487
473
485
515
537
515
483
466
482
523
538
518
492
476
482
504
528
535
512
486
487
525
547
539
510
484
486
510
539
541
514
470
459
498
538
538
516
480
470
492
527
535
520
484
473
491
537
555
534
497
478
487
520
543
536
508
486
495
530
549
549
515
482
480
518
545
538
507
486
481
498
532
536
508
493
488
510
547
556
532
486
477
510
540
548
524
483
479
499
527
538
520
487
472
491
528
542
536
508
477
482
520
552
539
502
477
482
520
553
552
517
486
481
507
541
542
507
472
466
497
527
531
510
491
486
505
541
566
551
516
500
516
546
562
556
526
502
509
540
566
557
507
473
472
497
515
504
483
473
477
507
540
545
513
476
468
497
531
534
499
474
471
504
534
538
511
469
447
464
489
511
511
503
521
567
638
680
686
662
636
648
675
672
627
547
474
444
456
475
465
435
412
413
447
486
493
479
457
462
491
525
524
487
450
453
481
513
521
494
455
435
464
529
545
512
471
442
446
493
529
534
504
490
491
517
550
534
489
469
488
529
548
532
499
473
469
505
559
553
511
479
490
531
561
559
538
500
491
521
559
562
542
524
516
536
574
590
567
528
517
529
566
589
558
516
513
527
558
576
564
525
499
501
519
532
514
482
447
444
471
498
492
458
431
433
467
485
476
448
421
416
433
468
483
466
440
439
467
501
512
485
458
453
463
487
502
492
458
440
459
503
528
513
476
456
468
502
525
513
468
451
472
510
538
536
507
483
483
507
533
539
503
468
467
508
550
551
519
481
458
491
536
542
511
469
460
490
535
551
531
486
461
482
522
544
534
486
455
485
527
548
540
511
478
478
509
527
508
488
462
454
495
537
542
525
474
466
508
545
543
514
480
475
508
543
543
511
479
483
509
541
545
514
470
466
492
543
560
531
504
488
497
527
539
525
492
476
493
525
547
545
519
502
515
533
544
536
510
484
487
520
556
558
515
481
481
511
549
564
537
496
477
497
526
541
531
504
494
511
538
557
541
507
469
472
522
558
549
506
490
499
534
561
558
525
480
468
488
519
524
513
499
498
521
538
531
498
470
476
514
535
536
516
486
475
495
533
545
511
501
500
500
531
554
539
501
477
488
532
562
547
514
504
511
532
556
550
508
482
481
508
534
519
476
458
465
492
527
527
491
461
461
492
519
521
498
464
457
478
522
546
526
487
475
494
521
528
513
493
477
496
548
587
611
623
626
640
670
688
644
575
512
477
459
459
462
436
412
428
467
501
504
476
445
444
475
502
508
484
454
451
482
519
532
508
468
449
477
515
528
512
479
462
480
524
549
526
494
482
490
523
547
537
505
479
490
526
554
547
512
488
492
533
574
575
540
507
491
507
535
546
527
500
507
530
569
592
563
522
517
540
572
583
561
533
529
546
571
588
567
524
496
511
551
573
565
533
501
490
526
559
547
507
466
449
467
494
492
462
440
431
447
475
483
459
428
415
434
468
486
471
434
420
432
464
483
469
437
427
455
480
503
494
443
415
435
479
517
510
472
446
453
486
521
511
474
460
472
490
501
502
497
471
459
482
512
527
500
473
466
504
542
548
523
494
473
488
527
534
509
468
450
465
511
543
536
495
470
483
509
525
516
493
467
478
512
536
533
496
476
480
510
540
542
513
473
468
498
533
541
500
463
462
487
531
550
534
499
474
487
531
547
531
497
475
478
521
547
544
505
476
482
520
549
542
512
480
485
505
534
538
499
487
514
547
564
542
501
473
473
498
530
534
510
476
476
502
537
545
523
491
477
509
531
532
516
486
479
501
543
558
537
493
467
479
515
538
526
493
466
478
516
527
511
500
490
491
511
535
530
498
476
485
517
541
542
528
501
491
523
548
536
506
472
465
506
532
537
525
497
489
511
536
545
531
500
486
503
536
554
544
505
464
461
507
546
538
499
466
467
513
541
529
489
463
464
497
527
531
492
458
465
501
537
543
523
484
464
493
536
556
552
528
523
564
624
667
671
623
598
629
646
628
570
493
434
415
456
488
479
460
446
452
487
519
521
481
452
452
478
507
512
478
453
462
487
511
514
490
459
460
488
526
540
506
471
461
482
521
538
536
504
487
502
530
546
532
499
469
491
524
548
540
507
489
496
534
556
540
498
471
471
502
552
565
533
518
514
536
562
575
545
508
510
551
591
599
581
549
529
538
566
582
569
537
521
533
560
575
564
520
493
495
522
540
527
472
433
441
478
508
503
458
430
430
456
483
488
464
438
432
447
466
478
472
441
428
445
490
503
493
465
443
453
502
519
501
462
436
459
499
524
508
464
441
453
498
522
514
493
471
481
521
544
534
497
467
474
505
533
535
504
474
476
503
523
522
497
469
467
495
523
532
516
493
474
491
525
538
516
477
463
504
547
563
543
501
472
479
511
526
519
486
456
470
512
542
535
504
479
476
521
540
532
509
483
471
494
527
542
516
480
474
488
511
525
507
477
469
484
514
528
508
473
468
488
521
532
515
496
488
508
545
554
534
503
483
492
522
544
527
494
464
467
504
544
542
519
486
478
502
528
543
517
484
480
508
552
552
519
492
489
503
534
553
543
505
488
509
543
544
519
485
473
490
530
559
547
504
481
489
525
549
528
493
480
496
532
566
556
520
511
512
529
558
560
520
493
493
516
540
558
536
494
473
495
528
537
524
499
486
508
548
563
542
504
482
511
546
554
549
520
502
507
535
577
572
527
492
490
522
559
562
524
493
493
516
539
519
502
486
480
500
531
540
516
473
463
493
515
537
522
491
480
488
516
544
530
494
474
473
508
532
530
512
506
527
591
661
700
685
645
647
664
650
599
524
456
413
417
479
510
483
448
436
466
503
510
485
455
450
487
527
535
513
482
470
493
528
534
510
474
455
473
524
551
526
484
464
473
501
521
511
488
480
492
528
563
557
512
481
483
521
556
552
527
495
494
522
553
545
514
487
489
514
543
560
542
500
484
507
551
566
559
538
522
531
554
584
576
533
514
524
559
577
570
532
496
509
546
567
550
507
478
478
499
516
507
469
442
432
446
484
490
461
422
408
426
467
487
471
434
411
437
470
488
474
440
419
437
469
478
472
449
432
448
482
509
498
464
440
448
485
513
509
477
453
455
482
516
520
491
450
457
494
521
523
509
490
482
497
519
527
515
479
461
495
526
531
514
475
467
492
524
537
520
485
473
482
503
530
540
500
475
479
508
542
537
495
464
462
493
523
529
509
479
487
512
546
547
513
470
455
483
515
536
521
478
478
506
540
547
525
489
460
477
530
555
534
501
471
469
509
532
530
504
485
496
519
544
537
507
482
481
507
533
522
495
487
492
518
552
551
527
504
495
508
546
540
513
476
463
484
517
544
525
486
483
500
541
556
535
486
460
485
530
559
538
500
481
492
527
556
544
514
491
487
515
548
549
516
487
478
505
556
565
532
504
496
520
558
560
536
502
483
512
560
573
540
506
491
502
535
553
525
494
473
475
516
532
523
493
473
478
510
532
524
479
453
469
504
523
524
493
478
488
510
537
544
512
476
469
512
561
580
590
593
605
643
687
692
663
611
565
552
551
533
481
430
417
429
469
498
493
462
425
427
476
518
526
494
462
460
482
516
525
495
466
468
503
535
528
491
460
457
487
518
521
501
478
475
484
501
519
508
482
473
496
539
565
544
515
507
512
535
551
540
507
489
496
530
553
550
512
493
491
522
554
549
515
493
508
552
586
590
569
544
540
562
584
586
561
524
517
543
573
571
547
515
498
513
546
550
525
485
448
456
501
525
501
464
435
438
474
497
487
455
431
429
461
495
491
453
423
431
468
498
478
464
449
449
481
507
507
480
447
442
475
502
513
498
467
449
461
506
541
527
481
465
477
517
541
533
492
465
476
510
535
527
496
481
485
516
551
544
514
479
471
497
520
526
510
483
476
500
521
522
496
470
463
489
514
538
514
482
472
489
523
543
534
502
484
489
519
534
520
474
454
472
521
552
540
498
470
471
502
531
527
498
470
468
507
529
537
518
487
479
505
536
539
509
474
463
494
531
549
529
492
480
506
541
540
514
482
466
490
531
546
536
502
482
489
526
556
549
517
486
495
534
559
542
501
466
458
484
523
530
508
479
472
497
530
532
498
465
461
484
512
521
499
467
454
477
525
552
525
485
468
483
517
529
524
511
502
531
590
649
675
668
647
638
651
647
621
570
503
460
463
480
485
475
461
467
492
507
507
493
466
463
496
530
535
511
474
469
492
530
542
522
494
477
488
526
537
518
483
464
481
529
552
539
504
468
488
530
561
558
514
473
483
517
546
548
514
494
496
527
559
567
540
497
484
512
550
560
538
514
514
532
574
592
567
532
518
536
572
603
583
547
547
554
583
605
580
543
517
512
538
555
546
507
478
477
513
521
503
468
444
446
466
483
485
450
419
428
459
492
506
481
440
428
447
486
507
480
449
430
442
476
489
474
436
424
449
491
511
508
479
453
458
496
517
519
491
467
469
486
512
525
499
471
468
491
517
509
482
457
462
487
513
523
501
475
472
492
525
542
519
483
479
505
542
546
520
472
460
481
515
533
514
480
459
467
505
530
512
479
471
473
510
547
543
508
472
465
490
531
540
513
478
474
508
536
543
521
494
476
485
525
536
516
483
465
481
513
529
522
498
479
504
552
562
541
507
476
485
526
556
549
517
489
502
541
560
547
508
480
473
492
517
521
491
472
477
508
533
529
498
471
466
490
523
526
503
471
464
484
525
553
530
494
480
489
526
567
574
544
550
599
668
718
711
679
653
629
617
596
546
480
421
416
455
483
493
475
450
446
466
495
497
471
450
458
480
505
522
506
470
467
501
526
533
512
476
467
481
505
521
516
484
465
484
516
530
510
474
452
464
506
533
518
492
476
502
535
559
562
530
515
517
537
565
565
537
505
497
529
551
555
546
514
505
518
545
563
556
541
531
544
571
588
579
544
541
562
592
607
595
551
517
509
530
543
528
494
467
466
487
512
506
462
420
415
437
470
471
448
429
428
449
485
500
483
441
434
456
484
499
472
434
421
450
487
503
489
455
441
455
490
504
491
456
446
467
506
527
518
499
471
468
504
538
515
494
489
489
514
538
538
504
473
459
487
526
536
505
470
464
488
515
528
520
504
485
497
531
539
521
488
472
481
506
529
522
486
472
492
520
537
534
494
470
484
518
545
543
508
482
469
499
545
554
523
489
477
494
531
553
536
498
491
511
538
538
515
477
462
485
531
549
537
517
502
503
525
539
524
504
504
519
535
554
546
508
479
481
515
537
537
515
485
479
504
523
522
499
486
489
520
556
555
522
489
475
493
526
545
533
507
494
511
551
567
544
504
476
492
539
558
530
487
478
499
539
562
540
493
469
485
511
545
541
512
493
503
532
555
558
530
502
498
517
536
537
518
488
481
500
526
545
523
477
464
488
524
539
521
491
492
508
541
550
524
495
489
501
540
565
546
498
473
482
517
540
524
491
464
469
501
530
538
515
487
484
509
554
562
527
490
485
503
542
558
531
498
492
511
542
554
549
515
501
520
560
569
552
519
496
494
515
526
522
500
476
492
523
529
506
472
455
452
482
526
532
510
480
466
490
517
532
516
483
484
506
537
547
517
482
494
550
621
662
666
643
619
630
664
651
604
551
496
457
454
474
469
440
425
451
491
521
525
492
453
450
487
517
519
482
446
455
495
527
528
497
474
475
495
516
513
491
468
454
481
528
547
528
496
486
494
519
539
524
486
465
491
529
543
543
517
493
497
533
565
554
510
491
492
526
561
565
541
503
509
536
553
549
527
511
524
544
565
579
562
528
517
537
569
581
561
526
504
519
545
562
549
508
479
484
524
539
513
470
442
447
484
516
505
464
431
426
452
474
483
448
427
435
459
481
479
449
434
433
455
492
502
480
456
445
462
491
492
483
468
448
463
497
504
488
459
460
482
515
527
511
489
463
470
504
519
520
486
462
464
490
525
530
488
453
452
489
535
535
503
478
476
495
526
534
512
472
472
506
532
535
515
483
470
486
524
538
523
489
477
491
525
539
516
473
459
485
530
560
548
504
483
492
516
541
540
506
481
498
529
550
537
502
475
472
492
522
522
493
468
472
505
554
569
539
498
486
511
550
559
530
508
488
501
532
540
519
489
466
476
510
527
520
489
484
484
510
547
553
523
496
495
526
550
561
531
499
490
522
542
550
529
509
493
511
545
556
533
505
488
500
541
554
535
494
480
490
528
558
549
512
485
490
527
555
547
509
486
496
524
545
552
525
490
489
522
547
547
520
487
475
500
531
536
514
485
470
501
538
539
515
483
468
495
536
551
527
499
477
492
527
542
531
489
469
483
512
528
518
488
464
473
527
550
542
513
484
501
537
550
551
522
491
492
522
565
578
547
515
510
523
547
549
525
482
477
506
541
554
525
489
464
464
495
526
519
487
470
486
516
538
516
485
466
472
500
520
518
473
451
477
518
539
535
504
480
488
543
589
624
642
642
647
670
700
683
612
536
494
480
491
491
468
439
429
450
481
503
498
464
447
462
491
505
492
467
464
471
503
528
522
479
446
452
477
506
516
504
481
475
503
525
520
497
475
462
480
515
541
517
479
463
468
494
505
506
485
473
498
526
553
547
493
476
505
544
559
545
512
499
507
535
560
559
532
505
507
545
571
568
542
512
496
517
555
566
548
531
520
547
588
586
549
505
490
507
527
533
516
478
455
466
492
502
480
435
416
427
459
489
463
436
426
443
473
481
468
433
418
440
470
494
488
464
453
458
477
498
498
466
432
432
462
507
507
481
460
452
491
525
525
499
460
451
481
517
537
522
487
474
493
525
535
525
507
493
491
518
537
521
483
457
465
502
529
523
492
476
484
511
533
534
505
474
479
509
554
559
526
490
472
511
559
570
549
497
480
501
534
538
515
485
465
489
530
546
530
493
469
464
502
538
546
525
504
506
537
554
542
515
490
487
527
555
556
525
492
486
514
540
545
520
484
478
503
528
528
499
471
467
495
540
553
522
480
471
484
517
540
523
487
471
487
532
560
539
491
479
496
530
547
533
494
468
470
511
538
538
504
469
478
509
530
531
505
473
470
501
537
551
528
480
470
506
545
556
531
490
473
481
516
540
531
493
477
485
508
531
532
515
496
500
533
552
543
500
468
479
527
560
557
520
484
480
511
527
536
519
486
479
510
541
548
537
516
504
526
552
550
532
496
479
498
535
562
550
518
511
513
544
559
539
506
483
505
531
552
544
505
491
496
522
550
543
505
476
469
494
520
526
503
469
458
492
522
530
509
467
451
494
535
542
519
494
481
518
573
607
612
614
614
638
665
683
677
618
560
535
518
492
452
416
399
416
461
497
495
460
438
438
472
507
512
487
455
462
496
534
533
488
455
455
479
523
539
517
484
465
480
515
527
513
487
478
486
516
532
528
495
466
476
526
556
549
514
482
478
508
543
561
546
520
518
548
571
565
532
500
497
530
562
559
527
487
489
521
566
590
572
542
527
538
563
563
554
544
527
546
576
583
562
525
495
497
528
540
517
479
459
467
498
523
505
464
442
442
464
490
492
459
421
416
470
507
502
471
436
424
444
475
480
459
439
451
473
492
507
489
459
444
455
492
510
497
472
453
471
501
521
510
473
455
464
500
528
520
496
470
471
492
515
513
495
468
459
492
524
531
517
494
489
510
540
536
510
487
478
492
527
542
516
486
470
492
527
534
517
493
481
492
534
553
533
493
469
483
523
549
537
507
477
474
508
549
546
506
468
467
496
530
540
519
484
478
498
521
531
506
487
477
503
534
540
516
472
450
472
522
556
542
501
474
484
523
534
517
501
485
488
518
539
540
509
474
473
502
547
546
508
479
480
506
536
537
506
476
485
515
549
562
541
495
483
508
540
556
528
487
472
490
528
544
528
493
471
486
518
537
529
498
471
484
526
552
551
518
492
499
530
549
555
517
491
493
514
548
560
545
513
504
541
570
545
507
483
489
516
541
540
512
489
477
489
528
529
501
470
457
479
507
532
526
493
477
477
499
529
524
474
422
430
471
494
481
447
434
435
454
497
534
544
540
542
563
583
565
484
410
366
344
347
343
319
292
278
318
361
384
377
341
329
353
381
393
378
347
332
352
392
425
420
386
347
349
399
434
450
428
404
403
427
461
467
440
412
408
434
474
495
472
444
435
461
499
511
480
436
428
470
514
524
504
470
458
474
514
538
520
497
491
499
525
544
537
507
494
497
526
555
552
525
507
515
542
565
562
537
503
501
533
564
556
515
469
471
509
548
551
506
460
439
456
478
485
474
448
435
450
475
489
476
452
438
438
471
502
500
462
431
440
488
522
522
492
468
474
507
539
533
498
476
473
506
542
551
532
495
479
502
532
546
518
497
483
499
547
568
560
534
515
530
548
550
538
509
501
519
558
580
566
530
513
513
554
578
571
534
505
526
565
584
588
560
518
503
530
570
575
555
524
516
540
563
575
564
553
535
545
575
583
551
526
513
535
572
592
575
528
506
533
570
585
565
527
515
533
565
589
580
541
519
522
556
597
614
584
534
531
562
581
578
552
526
519
552
584
585
556
534
527
540
565
580
557
532
525
539
570
589
565
522
514
535
562
560
558
548
519
532
558
576
574
542
506
518
549
578
580
550
518
514
531
560
568
548
520
518
532
546
562
545
511
507
547
576
582
554
520
522
544
569
569
552
515
501
530
564
581
565
521
499
512
542
567
568
537
513
515
544
564
563
527
516
528
553
575
580
548
511
510
536
563
575
553
516
502
525
563
584
557
524
521
543
575
590
576
539
514
527
569
579
560
528
505
502
520
555
543
506
486
483
501
527
546
533
508
509
529
550
550
517
479
484
519
550
554
520
479
488
535
581
605
613
628
645
678
709
704
668
622
573
551
548
534
493
443
425
443
480
503
496
470
448
461
500
531
524
489
457
462
509
540
522
494
467
464
495
543
552
525
491
473
499
519
516
494
465
466
480
531
547
525
492
469
491
527
543
537
523
518
524
541
558
556
521
485
490
524
553
558
529
500
509
541
563
566
538
510
529
563
606
606
568
529
526
556
595
616
590
549
535
542
565
580
562
524
502
519
551
560
531
488
463
464
488
507
492
457
434
435
470
508
512
472
438
431
455
475
469
452
429
426
460
493
504
489
452
442
469
508
510
485
453
439
460
493
504
509
480
462
480
512
536
524
482
460
476
505
518
517
486
471
490
522
543
534
496
477
484
516
546
544
515
485
485
512
536
527
497
469
466
503
528
530
510
483
478
508
537
545
517
483
475
499
532
550
535
489
461
477
512
538
537
506
489
499
524
544
527
486
466
473
502
526
518
489
472
471
500
541
557
527
490
482
509
544
545
518
486
472
496
525
536
526
493
479
494
524
532
514
485
461
488
529
556
538
501
474
481
516
538
539
509
490
497
517
539
539
503
469
474
508
535
537
517
482
484
514
531
531
510
477
465
495
537
547
522
484
476
505
535
542
523
479
451
473
507
521
518
497
479
487
522
536
544
518
494
494
528
556
544
507
484
494
522
540
530
512
486
485
517
547
552
528
513
496
517
554
559
537
503
480
493
519
540
514
475
461
474
504
520
515
489
468
470
504
527
520
482
459
474
508
529
511
473
463
471
515
545
545
522
503
519
571
624
645
648
627
616
633
637
608
551
470
418
412
442
457
460
448
437
455
492
501
489
474
455
464
496
525
514
479
442
439
484
519
510
475
454
468
506
537
536
505
469
459
492
529
530
503
476
475
507
531
531
503
484
483
513
540
548
534
499
491
518
558
577
555
512
490
507
542
565
549
509
505
518
537
559
563
539
521
529
553
573
570
553
532
528
547
577
577
556
524
504
531
558
572
539
494
472
494
520
513
478
453
439
450
487
509
490
440
417
426
462
498
488
447
416
415
451
487
490
453
427
437
473
516
506
465
445
445
483
514
513
480
452
448
475
502
509
487
461
453
480
510
510
483
445
453
485
515
529
508
465
460
493
539
551
528
487
465
486
527
536
523
495
469
478
515
534
526
491
456
457
488
513
515
487
462
465
497
529
535
512
477
464
485
526
538
513
480
471
493
514
531
516
478
468
483
505
524
515
485
474
485
518
532
522
492
475
497
525
545
550
514
480
481
518
549
557
522
494
486
502
538
541
506
470
467
497
528
538
516
482
467
493
538
551
526
495
482
495
524
540
523
487
489
492
522
543
530
503
483
485
516
545
532
490
464
464
493
534
542
518
491
485
514
543
557
535
505
500
518
536
540
538
522
514
527
558
569
544
522
503
518
546
545
520
491
469
489
517
536
528
