623
639
652
626
572
514
473
623
639
652
626
572
514
473
554
562
572
583
595
620
591
594
612
630
606
586
587
590
568
552
588
605
590
556
515
500
512
496
483
515
548
585
648
675
643
580
495
518
560
573
558
583
613
642
622
637
601
560
567
548
544
605
662
714
741
715
713
727
713
701
715
702
660
645
669
717
713
639
627
647
647
653
650
610
595
599
594
610
653
660
636
588
534
509
550
604
608
584
547
521
534
551
585
570
566
580
554
566
558
478
478
498
500
546
541
520
515
520
503
564
591
600
628
712
700
686
762
749
636
575
558
527
477
442
456
457
400
414
452
463
444
445
403
444
424
414
466
440
406
435
453
463
459
434
448
457
455
459
501
528
501
448
419
488
518
491
467
496
508
520
549
558
532
474
450
441
443
501
537
564
526
554
545
551
570
544
540
535
552
545
544
534
511
480
546
603
569
557
569
589
595
585
532
520
598
590
585
577
588
651
659
647
652
615
580
587
560
574
599
590
559
518
518
484
453
487
530
515
469
456
494
491
475
494
369
365
437
459
413
354
359
425
427
413
407
403
399
374
347
433
478
444
435
402
340
311
390
368
357
386
409
450
475
470
434
383
374
412
432
407
457
478
504
480
433
431
506
483
481
525
565
553
435
429
457
506
465
393
373
454
515
548
584
579
517
477
488
511
505
512
527
523
510
480
464
481
462
427
460
501
480
490
495
462
447
425
444
461
426
425
461
457
451
500
526
496
483
449
435
452
460
430
424
408
410
425
417
400
429
485
491
432
461
483
466
458
397
387
480
523
509
465
412
421
453
505
482
430
384
387
382
418
446
446
428
430
472
539
537
528
491
458
460
459
444
447
445
474
476
456
397
404
473
532
527
501
510
518
525
532
569
614
634
651
643
598
543
506
500
489
477
437
394
396
431
461
466
441
441
456
429
377
361
411
414
413
428
453
442
414
445
478
485
488
451
437
442
445
432
425
428
411
396
402
400
437
423
417
449
466
463
467
474
512
559
572
541
530
523
536
549
526
491
499
508
500
502
509
510
505
515
544
553
566
590
599
606
597
583
570
574
554
556
596
593
578
574
573
590
598
607
596
599
604
589
570
570
578
569
552
519
498
531
528
534
554
567
549
518
517
533
541
521
487
461
464
488
480
483
485
497
495
527
579
527
476
498
530
543
527
471
516
563
580
538
509
499
497
481
506
533
536
537
557
573
548
535
553
601
547
524
577
569
522
501
492
546
594
536
496
518
502
491
525
557
540
535
528
506
516
528
540
528
540
548
555
559
554
530
520
547
564
565
561
590
566
559
581
586
592
614
609
568
574
571
575
595
615
615
614
625
646
702
743
753
769
803
777
757
760
772
781
787
800
781
766
742
727
714
696
682
676
647
600
575
587
573
580
588
585
574
563
540
521
509
503
498
492
488
490
488
467
460
475
481
468
461
454
452
452
462
451
434
439
451
459
479
488
525
557
589
599
593
605
603
555
502
460
418
382
350
339
342
348
385
400
400
398
390
393
396
407
407
398
381
384
405
418
402
390
381
381
395
415
428
425
416
405
408
413
413
415
422
428
425
423
425
419
403
390
404
434
445
442
441
448
451
444
442
422
408
408
413
442
482
481
479
473
471
484
506
522
499
481
451
451
476
483
475
476
482
524
543
545
551
532
495
481
508
528
504
484
478
466
458
462
467
455
433
419
419
426
425
416
413
424
445
460
445
430
412
427
469
484
460
463
457
454
481
472
468
473
461
456
474
483
483
486
497
499
499
503
513
524
513
514
502
511
520
533
550
570
572
579
585
555
546
548
536
542
537
519
535
545
542
540
531
516
534
540
527
526
522
522
519
526
524
532
548
551
536
543
525
529
556
569
543
531
522
522
532
546
539
548
550
539
551
560
535
528
525
525
552
565
557
543
536
531
526
558
543
541
554
558
551
585
595
589
578
567
562
573
574
560
548
546
547
562
573
583
557
529
537
535
520
508
517
528
526
507
506
537
535
513
513
550
565
560
537
538
541
535
501
536
543
511
495
519
530
544
554
576
606
624
655
673
661
622
592
574
575
529
471
428
427
447
475
484
472
454
447
454
466
473
473
467
484
469
450
459
477
483
482
489
508
497
504
504
500
492
503
510
528
516
495
485
512
532
495
436
470
465
450
494
510
548
566
542
543
563
591
606
581
551
527
532
548
547
526
500
520
538
546
530
537
547
549
559
544
515
528
528
550
565
561
582
585
580
584
585
605
604
582
611
619
582
543
564
578
590
581
562
557
569
566
528
495
523
566
592
590
577
568
561
560
574
557
535
549
553
563
567
564
544
545
559
594
594
580
572
564
564
568
577
581
563
549
544
548
557
560
546
571
579
536
532
544
543
555
551
552
557
544
537
551
534
507
525
534
528
497
488
508
525
512
488
497
497
497
504
505
507
493
485
486
487
496
501
497
484
465
461
476
490
481
459
456
453
450
461
467
470
465
459
476
476
460
440
447
459
469
478
482
485
469
464
493
499
492
472
463
467
457
461
475
504
487
465
455
479
481
468
453
444
446
475
488
479
461
466
466
484
485
484
485
475
470
471
470
476
487
476
477
473
451
472
474
468
484
509
538
571
569
577
617
616
609
605
564
510
468
443
438
444
438
430
435
425
410
415
435
438
424
442
473
465
455
453
450
441
443
457
461
456
456
453
466
470
463
455
463
448
456
470
486
482
477
472
467
478
485
473
466
463
468
475
467
448
457
483
494
499
486
492
484
476
480
481
482
490
499
508
502
510
521
521
505
493
504
533
546
513
507
514
526
538
528
522
512
496
492
504
517
520
505
512
493
481
488
490
487
470
453
469
467
474
474
451
445
444
450
439
434
452
460
453
460
456
448
426
420
434
460
463
468
468
469
479
462
458
468
464
446
450
461
476
474
470
470
459
460
476
482
473
478
480
489
516
515
497
480
465
494
504
501
494
485
476
471
482
503
489
477
475
491
501
496
491
486
492
491
503
525
530
529
512
500
496
485
487
495
497
481
489
500
496
498
506
502
493
498
501
496
493
493
494
494
485
503
514
508
510
524
522
515
508
512
507
512
516
514
500
499
508
517
528
530
515
502
499
528
531
535
537
522
521
536
547
542
524
500
505
517
505
497
498
496
479
466
489
508
533
535
521
513
503
504
496
491
498
497
499
491
511
525
503
517
528
510
505
516
517
521
532
570
607
637
650
643
631
637
624
594
542
494
469
462
449
446
476
482
488
497
497
498
490
467
487
509
510
506
508
495
487
492
486
488
520
531
527
518
509
513
500
487
481
483
504
513
510
502
499
515
522
519
526
512
513
528
524
529
519
507
521
530
526
530
521
519
513
511
525
537
542
536
536
534
543
557
563
539
528
533
547
559
565
566
567
558
549
556
563
536
498
496
521
543
544
528
521
510
506
519
519
505
487
479
475
499
520
512
498
497
495
489
480
473
459
453
460
470
480
483
476
471
468
475
496
500
486
477
475
490
504
501
495
507
513
520
516
508
502
496
495
512
532
533
552
531
476
457
499
532
530
519
517
513
510
513
508
505
497
497
503
513
513
502
499
505
515
524
517
521
503
485
491
518
506
499
509
528
513
504
508
517
520
521
517
515
531
539
521
500
504
516
521
526
510
504
525
536
538
539
533
509
524
541
559
548
544
522
510
519
523
520
514
505
484
497
511
509
488
485
497
508
513
531
528
506
503
499
508
519
506
497
490
503
524
530
524
504
504
515
505
517
508
502
513
526
538
565
581
609
620
614
633
645
642
620
581
544
499
464
468
458
464
471
494
503
493
490
502
489
488
491
501
501
489
487
514
523
516
503
498
498
512
511
512
516
521
518
503
521
535
530
529
530
523
516
520
536
534
526
520
537
544
538
531
525
527
529
535
535
523
515
516
537
559
567
561
539
541
542
547
554
552
555
548
536
539
552
558
544
546
555
562
556
541
534
529
529
542
544
532
511
508
506
510
494
488
488
488
477
472
501
503
494
479
471
471
477
493
487
476
470
468
470
465
468
464
451
461
487
480
462
447
461
481
474
479
481
478
470
480
490
501
494
495
481
462
479
497
493
480
469
481
501
512
511
496
508
508
505
507
506
499
493
498
490
497
492
495
508
505
503
517
528
504
490
488
486
483
486
491
508
515
495
523
530
522
512
497
490
515
544
557
537
511
500
520
524
521
518
505
497
492
484
498
509
494
474
459
470
499
507
506
502
501
509
507
499
475
470
482
493
514
512
495
489
489
493
491
498
493
490
486
500
514
521
514
503
499
511
526
543
538
530
553
584
619
634
632
632
612
587
567
543
516
481
463
460
480
494
488
480
482
486
498
509
497
481
494
499
483
484
515
525
515
525
560
546
528
536
532
491
445
459
480
484
498
527
578
593
537
513
494
487
474
477
480
487
454
412
421
452
467
493
516
552
573
582
543
498
485
480
497
546
605
613
562
510
485
505
520
499
505
554
557
491
445
462
486
495
498
498
500
520
531
523
520
531
541
551
554
539
498
435
433
459
465
431
430
438
427
445
476
478
488
501
521
540
536
484
415
401
416
424
424
431
427
435
455
474
492
494
488
489
491
487
479
480
475
492
507
515
536
543
557
567
556
561
570
574
574
556
518
529
550
573
583
562
558
562
560
554
547
551
564
575
588
594
583
567
568
564
560
567
571
569
564
567
578
611
634
630
627
629
634
645
664
666
674
690
716
741
766
774
824
879
907
925
909
861
828
792
757
726
712
700
697
685
671
659
646
619
585
555
525
516
512
523
519
510
493
484
483
477
456
450
454
459
453
447
445
428
396
390
386
381
366
356
346
323
353
379
373
362
356
382
410
427
451
492
532
547
560
567
563
561
541
507
500
506
488
479
486
499
518
534
536
530
531
511
495
503
501
501
506
503
496
497
502
501
492
485
485
492
508
519
512
498
489
478
490
506
504
492
479
476
485
497
484
479
486
482
485
485
474
454
447
457
474
491
500
516
527
528
528
554
568
550
519
508
518
513
497
474
442
407
392
376
370
374
372
380
395
404
405
396
385
381
371
375
385
390
403
405
395
402
412
420
420
428
439
453
470
476
481
469
463
445
420
376
346
346
366
387
397
407
427
435
446
465
492
525
539
553
567
580
595
624
656
680
706
755
815
816
760
700
657
627
608
616
622
622
612
595
582
582
579
572
575
576
563
590
593
589
571
568
567
572
564
548
547
533
522
524
519
511
495
483
481
481
475
482
473
476
481
486
492
503
509
518
514
501
496
491
492
478
470
467
467
460
453
443
441
457
481
482
485
492
496
491
503
509
514
502
491
499
498
490
515
526
523
528
541
541
543
536
526
531
551
548
544
549
546
545
542
549
544
525
523
529
531
535
520
497
495
500
485
468
451
437
417
410
424
456
464
465
468
472
474
488
501
514
522
528
538
546
546
555
559
585
618
646
651
645
632
602
558
525
491
462
440
420
428
441
451
454
440
444
452
451
455
470
471
468
469
471
477
479
461
461
465
471
479
475
465
472
483
486
480
476
472
470
467
476
500
514
502
492
494
499
498
499
496
479
464
477
500
510
510
501
489
485
486
499
506
502
492
495
516
525
531
532
516
504
526
545
539
533
516
525
540
550
542
527
517
503
501
530
542
538
522
512
504
499
493
498
488
474
472
482
487
472
469
464
455
469
478
469
471
456
444
448
458
466
466
455
454
458
461
459
448
451
448
463
485
494
476
465
450
454
470
477
470
459
459
458
461
464
462
453
445
463
476
494
484
471
460
456
469
479
487
473
458
450
468
482
486
477
464
456
474
481
485
483
472
462
476
477
483
483
469
466
463
470
477
470
474
477
482
487
492
505
503
487
489
494
500
496
486
481
478
483
493
508
504
486
482
488
493
510
499
498
500
496
497
496
500
509
504
503
495
493
489
498
496
496
517
530
524
494
473
488
506
528
533
522
510
517
517
523
531
525
510
503
512
535
514
493
485
484
488
487
504
502
496
494
489
485
497
496
487
477
459
481
500
498
499
493
496
500
497
481
480
483
474
473
490
486
473
490
521
529
564
587
607
620
630
629
623
603
567
518
477
457
440
411
402
445
464
470
477
473
471
476
479
483
486
486
477
466
472
471
489
491
488
477
472
478
494
504
512
506
505
499
504
513
514
505
501
498
498
500
506
497
494
484
504
522
520
505
500
520
526
534
537
531
525
524
538
538
537
532
530
525
524
529
524
524
521
521
521
536
561
555
546
545
549
547
547
530
530
525
522
523
533
530
512
503
500
499
510
500
488
485
486
483
469
477
479
473
463
452
457
460
457
470
460
453
470
486
484
471
469
475
485
494
517
498
464
472
490
502
509
502
486
484
483
477
499
513
495
480
486
509
519
511
495
492
485
490
502
516
509
491
483
486
512
523
516
495
487
502
517
521
518
505
502
501
515
527
521
498
489
496
516
519
528
518
508
505
513
522
520
501
490
494
507
521
540
533
510
508
520
530
529
518
507
494
497
523
539
529
511
508
524
530
537
526
495
496
519
540
542
533
514
501
493
513
525
515
498
499
502
513
515
511
495
487
498
516
514
501
493
497
497
526
543
527
500
495
492
503
518
529
519
514
523
526
524
517
501
493
504
493
487
492
484
467
483
498
498
491
486
475
473
478
490
486
473
468
483
496
513
515
494
488
487
495
504
501
492
489
485
494
524
573
582
608
643
667
666
648
632
608
560
528
491
453
419
419
424
433
456
470
474
477
477
478
484
496
505
490
482
494
494
490
487
479
475
501
499
474
480
506
510
525
527
519
504
513
503
495
489
497
523
524
509
516
518
507
496
485
494
495
502
519
543
538
525
517
520
527
528
525
521
509
514
519
525
523
528
535
542
546
550
556
550
540
544
549
543
536
535
555
552
542
540
537
550
524
508
508
512
506
498
500
487
490
496
501
486
472
462
461
466
466
478
477
464
469
475
480
479
475
467
463
468
489
504
499
492
488
485
487
484
477
477
480
499
501
489
484
489
485
484
495
499
496
490
488
490
503
524
522
508
506
512
509
510
502
492
488
491
493
499
498
481
485
495
502
523
522
515
505
499
495
492
498
501
506
506
495
497
500
496
492
489
496
509
511
496
495
493
509
498
495
500
496
508
520
519
527
526
521
507
508
506
506
514
513
509
504
507
516
521
512
511
512
517
534
532
525
514
513
522
528
527
531
514
501
496
507
521
519
497
469
489
530
531
520
508
503
509
504
507
505
503
503
493
500
506
501
501
499
496
497
506
510
495
490
490
496
503
510
519
527
530
544
570
602
622
629
618
608
620
594
549
520
473
427
399
414
451
478
485
489
480
476
499
520
510
491
513
548
526
465
462
510
529
519
529
542
539
509
490
481
511
574
574
559
559
577
571
564
568
577
588
564
526
486
520
580
547
520
559
592
568
546
539
541
577
575
574
611
593
536
525
560
560
524
523
599
690
685
643
591
591
553
527
590
629
571
524
516
498
528
568
623
655
655
645
628
587
543
498
465
469
524
556
493
436
517
604
565
497
488
540
583
570
550
554
542
520
498
490
487
487
525
528
485
455
457
476
558
563
464
443
567
616
619
584
596
560
573
609
664
660
624
597
631
639
625
589
543
550
534
551
583
570
513
496
589
678
687
617
599
588
691
776
846
859
844
820
889
918
918
856
759
711
663
628
681
691
630
549
464
422
464
522
498
460
402
368
401
408
390
403
388
403
427
424
402
371
366
416
502
514
469
394
335
310
322
389
451
434
326
226
326
442
461
434
357
330
348
362
369
353
425
418
422
496
524
462
372
365
422
451
462
418
329
256
311
448
453
367
372
424
458
507
515
525
485
447
401
412
493
539
524
457
424
511
595
616
623
609
624
661
660
609
571
465
400
397
462
514
502
499
525
521
443
421
462
452
433
478
475
485
523
511
449
451
515
567
540
477
416
444
519
576
540
450
424
478
532
577
554
489
436
441
438
451
522
554
517
500
503
520
503
515
509
464
515
564
564
613
563
476
467
560
604
552
502
533
582
598
569
596
627
567
580
682
697
659
573
495
486
543
588
601
577
449
432
535
586
546
491
473
500
524
541
553
581
544
482
476
513
528
543
496
444
450
504
509
476
459
425
403
457
522
533
474
420
421
445
506
525
468
425
451
490
540
565
529
446
428
461
486
515
474
404
387
479
557
570
486
383
354
397
526
582
552
478
402
411
502
528
484
403
376
456
472
466
481
459
422
419
448
457
494
495
438
431
469
514
530
490
459
441
452
487
484
456
431
392
427
519
569
548
464
444
479
540
539
485
422
403
460
531
582
529
447
416
455
530
559
521
484
443
469
504
518
519
522
487
463
500
544
524
459
398
427
460
510
510
477
443
448
504
552
559
514
444
413
442
516
551
523
466
429
461
502
529
524
486
460
449
472
513
523
489
479
501
556
608
644
631
600
568
575
606
596
535
451
399
387
401
423
399
376
382
400
447
467
439
388
370
404
467
502
484
435
409
438
471
497
496
456
406
405
448
473
448
400
392
420
459
491
502
452
413
416
454
492
487
463
448
441
471
502
472
464
452
420
420
441
470
479
466
457
474
493
509
509
506
490
495
539
565
550
491
460
476
476
480
489
470
461
458
485
542
528
442
410
484
512
521
523
475
423
406
425
467
512
503
477
466
477
478
468
473
459
467
498
515
496
497
482
450
458
506
513
519
508
507
479
509
495
446
429
473
511
493
485
478
469
460
415
405
430
475
491
505
491
502
540
506
467
458
482
524
517
495
564
513
468
498
510
466
454
485
496
471
481
482
470
462
471
481
485
467
463
445
444
462
467
469
452
464
488
533
532
520
521
497
445
431
460
490
478
456
451
446
469
482
472
462
457
468
480
501
505
493
468
473
477
502
536
543
541
537
544
548
532
523
525
534
536
544
544
545
533
523
521
526
531
524
513
508
503
510
519
524
533
523
519
535
535
525
514
516
535
551
561
557
538
517
519
533
540
553
545
528
531
560
591
604
607
622
638
663
689
688
675
631
576
539
505
471
440
444
433
438
470
487
498
536
540
532
529
516
509
531
523
512
512
524
535
521
502
498
520
548
539
531
531
530
533
552
558
542
524
525
531
556
569
560
553
554
553
554
554
551
533
528
531
542
546
548
535
538
544
559
569
571
568
574
559
558
566
577
582
575
578
575
577
580
569
555
558
562
570
576
573
559
545
538
542
546
548
535
527
534
531
536
538
519
510
513
512
508
500
489
481
499
508
500
491
477
472
480
499
518
515
494
473
473
491
510
509
495
484
478
490
516
533
527
512
495
489
498
525
525
512
492
497
510
536
536
512
489
497
518
539
554
536
494
486
506
529
552
546
520
503
508
530
548
543
516
497
497
510
526
542
528
497
487
509
534
549
530
508
499
530
557
565
540
497
484
498
540
555
538
498
478
498
538
567
552
519
494
510
549
567
556
522
481
483
542
584
579
544
506
514
556
582
575
533
501
491
516
550
551
504
467
475
512
546
553
530
498
480
492
523
531
517
485
476
496
528
554
544
503
484
492
525
551
536
492
484
507
536
555
547
533
535
552
586
621
637
629
606
593
615
625
595
533
485
449
440
452
473
473
468
476
497
525
532
516
496
494
505
519
521
509
486
480
496
529
529
518
504
503
528
555
561
544
513
508
502
513
528
527
514
503
509
528
545
539
517
507
510
525
542
540
531
522
523
529
538
544
540
527
531
537
557
560
545
545
546
556
566
560
546
524
522
552
563
562
553
538
538
545
556
561
549
521
505
508
530
545
538
515
497
495
503
504
492
469
454
455
475
481
474
473
464
457
463
472
462
450
451
461
471
477
483
484
481
484
486
493
485
481
472
478
484
506
510
498
488
487
491
507
506
501
483
463
480
506
512
508
498
500
516
523
525
521
512
494
500
517
525
521
508
486
481
493
503
505
493
476
483
512
526
529
521
502
494
504
519
533
521
504
491
504
523
519
518
511
501
500
511
512
497
499
510
514
510
513
514
517
521
526
525
533
532
520
507
517
519
534
539
528
517
515
521
538
530
507
519
526
515
514
528
532
513
503
500
513
520
507
484
474
508
520
515
505
495
497
509
516
524
511
494
491
495
517
518
520
521
509
500
513
519
519
517
527
542
558
580
606
625
626
619
612
606
575
532
504
486
464
454
451
449
446
452
469
482
500
502
496
490
493
511
520
512
493
495
502
505
513
526
510
504
499
497
508
523
523
508
494
500
515
512
511
499
500
506
510
505
505
505
507
521
529
524
522
508
511
519
531
533
526
517
523
537
546
549
540
537
532
533
544
551
545
537
525
535
543
555
552
543
530
531
546
555
539
520
513
521
529
534
538
527
508
494
495
505
502
491
472
459
476
491
484
477
465
449
456
471
484
472
457
460
477
482
478
475
467
462
471
484
487
484
483
475
466
473
487
486
481
476
489
498
519
525
519
497
484
486
502
515
500
491
497
495
498
502
508
500
503
501
498
502
505
492
486
499
506
511
511
505
505
498
504
505
512
507
499
494
510
519
516
517
511
503
498
503
499
499
492
487
496
515
520
510
495
492
499
506
516
514
499
497
507
519
521
515
509
502
508
518
533
538
522
506
504
510
515
511
500
490
506
525
532
527
524
519
514
528
534
541
527
506
501
508
518
509
504
505
501
512
520
511
496
486
490
497
504
508
506
494
485
493
512
518
504
494
490
495
501
508
512
503
490
488
501
518
533
533
538
559
602
648
668
650
625
594
561
534
518
493
457
434
445
466
472
478
474
469
482
500
511
504
494
491
485
491
502
501
505
498
499
512
525
526
515
500
489
495
510
525
519
505
492
494
505
508
507
510
515
507
508
509
536
534
525
525
529
533
531
517
521
528
536
541
529
505
507
516
535
546
553
546
529
523
535
545
549
551
546
545
549
556
557
544
526
528
536
542
541
536
514
505
511
516
514
514
506
496
491
497
488
468
451
450
452
465
477
473
465
454
458
464
465
457
455
457
458
462
463
466
465
451
455
469
490
496
484
470
472
477
486
482
471
466
465
477
493
503
498
492
496
504
509
503
497
492
480
488
509
519
513
494
486
486
493
508
505
491
489
489
488
503
515
508
495
499
499
511
512
514
514
498
498
515
522
516
509
514
526
534
532
522
510
505
517
527
547
558
522
461
442
491
566
593
548
474
440
463
522
558
545
494
452
452
490
523
527
500
460
466
524
560
552
489
430
441
502
558
565
519
468
463
497
546
557
521
454
436
478
534
565
541
495
487
507
533
544
522
494
506
529
540
547
531
497
488
502
507
498
490
477
480
488
511
523
517
501
498
504
513
508
486
481
490
494
511
512
498
495
495
503
517
523
530
547
549
557
592
634
660
661
642
631
613
577
536
490
448
426
419
437
469
472
471
482
488
498
504
495
478
485
497
507
504
500
493
489
510
522
525
516
500
487
490
522
531
520
515
506
509
516
517
514
500
487
498
520
540
538
527
521
520
536
540
536
519
506
503
514
562
605
601
528
472
471
536
597
588
525
470
473
530
588
595
557
509
494
532
582
594
553
498
485
521
582
596
563
503
466
491
555
581
549
470
425
454
516
548
521
449
399
409
467
519
497
427
383
401
472
536
525
459
399
401
463
533
539
480
420
409
464
535
552
506
446
413
451
524
560
521
446
417
459
537
566
524
451
411
440
522
569
534
471
433
452
529
576
560
489
426
432
488
550
567
510
445
437
499
560
562
506
436
417
491
560
576
517
449
426
472
552
579
535
468
450
487
556
586
549
470
432
471
549
585
555
482
441
466
533
586
572
497
439
452
528
591
588
521
457
457
522
577
576
513
445
440
497
561
571
503
439
435
487
558
577
528
458
418
462
550
587
552
460
418
464
554
595
553
481
435
456
527
577
558
489
443
450
511
574
565
494
435
445
514
589
595
530
458
455
511
582
600
536
459
446
505
577
599
556
479
447
476
553
591
554
481
435
460
534
577
542
468
427
443
529
581
547
461
412
441
525
585
570
493
437
444
516
585
585
518
451
443
519
605
632
583
545
549
611
682
702
647
564
505
510
546
545
481
398
363
413
503
555
533
456
415
448
526
572
550
474
427
446
517
571
570
493
429
430
503
579
585
511
441
436
503
570
582
524
450
434
497
577
592
546
468
435
479
552
594
558
499
449
480
557
602
570
490
444
469
543
595
583
513
449
464
549
620
625
555
487
488
549
598
615
555
480
466
527
596
606
538
468
453
516
596
604
551
473
435
466
532
585
545
464
426
444
503
545
510
433
385
414
489
539
511
442
389
398
464
537
530
464
413
420
487
546
533
471
411
410
473
538
564
512
440
424
465
527
563
526
450
407
453
538
588
543
464
428
469
545
580
546
472
425
449
527
574
552
481
434
451
521
573
557
476
429
445
518
585
581
500
440
440
494
552
571
521
454
432
486
559
563
522
469
435
472
548
587
552
470
431
458
537
580
548
461
416
458
530
586
571
495
435
443
523
576
567
507
448
451
517
578
577
510
444
444
510
577
582
518
445
431
488
551
581
538
461
446
491
565
590
553
469
435
479
556
596
562
489
437
459
546
589
555
497
455
475
543
603
603
524
457
457
530
592
593
527
459
451
521
576
584
519
447
430
485
549
566
526
454
432
479
547
574
534
454
426
470
550
585
548
480
439
464
539
587
560
483
443
493
584
646
656
608
569
575
634
684
657
555
459
420
447
501
517
454
388
384
459
540
565
505
443
430
479
555
584
536
460
422
450
526
577
553
475
435
459
529
576
553
484
426
437
508
571
573
516
456
460
527
580
592
519
448
447
504
574
592
534
459
451
514
582
611
550
467
445
496
575
614
568
499
469
498
564
621
597
522
479
500
573
621
599
525
464
483
558
612
601
517
455
464
540
598
587
515
448
428
487
556
563
501
424
399
455
526
540
484
415
393
439
507
528
472
394
366
421
502
541
515
440
391
422
515
563
535
456
407
438
508
555
533
459
408
425
493
554
556
485
419
420
493
557
574
511
448
427
476
562
595
539
455
427
464
545
573
535
459
417
453
528
570
551
478
438
476
547
584
558
492
435
447
520
586
579
501
439
449
518
579
576
502
432
423
501
582
587
522
452
434
490
568
582
543
486
467
517
587
612
561
482
450
489
563
600
573
498
452
475
549
590
558
478
423
457
536
589
575
491
427
450
522
579
582
507
445
441
495
577
587
517
452
436
491
560
578
527
453
426
477
545
575
530
449
416
449
533
592
558
480
435
471
543
575
551
470
428
469
551
602
581
506
458
471
535
590
588
516
440
434
496
552
561
506
444
424
477
